t_s	measured_width_mm	target_width_mm
0.0012655258178710938	nan	2.0
0.04483771324157715	nan	2.0
0.059513092041015625	nan	2.0
0.07222986221313477	nan	2.0
0.09154558181762695	nan	2.0
0.1054537296295166	nan	2.0
0.11674880981445312	nan	2.0
0.1282055377960205	nan	2.0
0.13875269889831543	nan	2.0
0.1493239402770996	nan	2.0
0.1606745719909668	nan	2.0
0.17206883430480957	nan	2.0
0.18357157707214355	nan	2.0
0.19516944885253906	nan	2.0
0.2066659927368164	nan	2.0
0.22040939331054688	nan	2.0
0.23107361793518066	nan	2.0
0.24163246154785156	nan	2.0
0.25235629081726074	nan	2.0
0.2642030715942383	nan	2.0
0.2774477005004883	nan	2.0
0.287921667098999	nan	2.0
0.3000762462615967	nan	2.0
0.31171274185180664	nan	2.0
0.3230283260345459	nan	2.0
0.3351454734802246	nan	2.0
0.34749436378479004	nan	2.0
0.3589348793029785	nan	2.0
0.3706533908843994	nan	2.0
0.38149046897888184	nan	2.0
0.3932209014892578	nan	2.0
0.40479183197021484	nan	2.0
0.4160494804382324	nan	2.0
0.42725157737731934	nan	2.0
0.43804931640625	nan	2.0
0.44998598098754883	nan	2.0
0.461162805557251	nan	2.0
0.4723548889160156	nan	2.0
0.48337721824645996	nan	2.0
0.49338507652282715	nan	2.0
0.5035290718078613	nan	2.0
0.5147182941436768	nan	2.0
0.5253152847290039	nan	2.0
0.5361757278442383	nan	2.0
0.5469269752502441	nan	2.0
0.5575888156890869	nan	2.0
0.5687742233276367	nan	2.0
0.5796148777008057	nan	2.0
0.5904309749603271	nan	2.0
0.6013939380645752	nan	2.0
0.6141674518585205	nan	2.0
0.6259455680847168	nan	2.0
0.6367621421813965	nan	2.0
0.651463508605957	nan	2.0
0.6644072532653809	nan	2.0
0.678199291229248	nan	2.0
0.689979076385498	nan	2.0
0.7025876045227051	nan	2.0
0.7148196697235107	nan	2.0
0.7272968292236328	nan	2.0
0.7400069236755371	nan	2.0
0.7529392242431641	nan	2.0
0.7658731937408447	nan	2.0
0.7789409160614014	nan	2.0
0.7902612686157227	nan	2.0
0.8017346858978271	nan	2.0
0.8125629425048828	nan	2.0
0.8234031200408936	nan	2.0
0.8338711261749268	nan	2.0
0.8444139957427979	nan	2.0
0.8549466133117676	nan	2.0
0.8654396533966064	nan	2.0
0.8759195804595947	nan	2.0
0.8878030776977539	nan	2.0
0.8984816074371338	nan	2.0
0.9096810817718506	nan	2.0
0.9206125736236572	nan	2.0
0.931464672088623	nan	2.0
0.9426217079162598	nan	2.0
0.9537160396575928	nan	2.0
0.9643228054046631	nan	2.0
0.9745526313781738	nan	2.0
0.9855749607086182	nan	2.0
0.9962868690490723	nan	2.0
1.0070042610168457	nan	2.0
1.01762056350708	nan	2.0
1.028733491897583	nan	2.0
1.0392932891845703	nan	2.0
1.0503015518188477	nan	2.0
1.062096357345581	nan	2.0
1.075808048248291	nan	2.0
1.0877034664154053	nan	2.0
1.0985262393951416	nan	2.0
1.1108040809631348	nan	2.0
1.1219565868377686	nan	2.0
1.1336302757263184	nan	2.0
1.1496648788452148	nan	2.0
1.1750166416168213	nan	2.0
1.1920723915100098	nan	2.0
1.2069063186645508	nan	2.0
1.2254383563995361	nan	2.0
1.2423949241638184	nan	2.0
1.256937026977539	nan	2.0
1.2701449394226074	nan	2.0
1.2840912342071533	nan	2.0
1.2982540130615234	nan	2.0
1.3137967586517334	nan	2.0
1.3275794982910156	nan	2.0
1.3397784233093262	nan	2.0
1.3548812866210938	nan	2.0
1.3697123527526855	nan	2.0
1.3850748538970947	nan	2.0
1.3996596336364746	nan	2.0
1.414865493774414	nan	2.0
1.4278929233551025	nan	2.0
1.4418680667877197	nan	2.0
1.4599339962005615	nan	2.0
1.4775886535644531	nan	2.0
1.4905424118041992	nan	2.0
1.5062065124511719	nan	2.0
1.5248603820800781	nan	2.0
1.5377633571624756	nan	2.0
1.5668354034423828	nan	2.0
1.5803818702697754	nan	2.0
1.5959606170654297	nan	2.0
1.614069938659668	nan	2.0
1.6265544891357422	nan	2.0
1.6434645652770996	nan	2.0
1.6616847515106201	nan	2.0
1.6790552139282227	nan	2.0
1.691619873046875	nan	2.0
1.706766128540039	nan	2.0
1.7204723358154297	nan	2.0
1.7328929901123047	nan	2.0
1.7493231296539307	nan	2.0
1.7737517356872559	1.581706532139977	2.0
1.787705421447754	1.581706532139977	2.0
1.8206188678741455	1.581656234411196	2.0
1.8379628658294678	1.581656234411196	2.0
1.8566005229949951	1.581656234411196	2.0
1.871370553970337	1.5816855233905545	2.0
1.891087293624878	1.5816855233905545	2.0
1.9137916564941406	1.5816855233905545	2.0
1.934422492980957	1.5817491329026367	2.0
1.9496748447418213	1.5817491329026367	2.0
1.979400634765625	1.5817200807048348	2.0
1.9942643642425537	1.5817200807048348	2.0
2.011800527572632	1.5817200807048348	2.0
2.0256574153900146	1.581657413780136	2.0
2.0432047843933105	1.581657413780136	2.0
2.0604946613311768	1.581657413780136	2.0
2.0824532508850098	1.5816082715149427	2.0
2.103020668029785	1.5816082715149427	2.0
2.126715660095215	1.5816082715149427	2.0
2.1540112495422363	1.5813419188968194	2.0
2.176403284072876	1.5813419188968194	2.0
2.196074962615967	1.5814473642393292	2.0
2.2171385288238525	1.5814473642393292	2.0
2.2369980812072754	1.5812068282265954	2.0
2.2552709579467773	1.5812068282265954	2.0
2.275123119354248	1.5812068282265954	2.0
2.2893593311309814	1.581265014870431	2.0
2.3057260513305664	1.581265014870431	2.0
2.322086811065674	1.581265014870431	2.0
2.334110975265503	1.5811935219126845	2.0
2.3465540409088135	1.5811935219126845	2.0
2.3625872135162354	1.5811935219126845	2.0
2.3773815631866455	1.5813126789639667	2.0
2.3899402618408203	1.5813126789639667	2.0
2.4045777320861816	1.5813126789639667	2.0
2.4200637340545654	1.5813126789639667	2.0
2.433366298675537	1.5814123451087447	2.0
2.4457194805145264	1.5814123451087447	2.0
2.4631247520446777	1.5814123451087447	2.0
2.4800636768341064	1.581617399394459	2.0
2.497788667678833	1.581617399394459	2.0
2.5164902210235596	1.581617399394459	2.0
2.530604600906372	1.5816680665334073	2.0
2.5425503253936768	1.5816680665334073	2.0
2.559776782989502	1.5816680665334073	2.0
2.575315237045288	1.5816856915334074	2.0
2.5901334285736084	1.5816856915334074	2.0
2.6064910888671875	1.5816856915334074	2.0
2.6218764781951904	1.5816747636759545	2.0
2.6348073482513428	1.5816747636759545	2.0
2.6505465507507324	1.5816747636759545	2.0
2.665404796600342	1.5817299097590645	2.0
2.6787335872650146	1.5817299097590645	2.0
2.694521903991699	1.5817299097590645	2.0
2.7105565071105957	1.582019665596025	2.0
2.733860969543457	1.582019665596025	2.0
2.7763853073120117	1.5820782260798962	2.0
2.7899394035339355	1.5820782260798962	2.0
2.8207204341888428	1.5820782260798962	2.0
2.8449063301086426	1.5821110696341394	2.0
2.867166757583618	1.5821110696341394	2.0
2.885282516479492	1.5820217861834351	2.0
2.902153491973877	1.5820217861834351	2.0
2.935241460800171	1.581954314345355	2.0
2.948620319366455	1.581954314345355	2.0
2.9767160415649414	1.581954314345355	2.0
2.994436502456665	1.5816388783568163	2.0
3.0109293460845947	1.5816388783568163	2.0
3.026496171951294	1.5816388783568163	2.0
3.0424766540527344	1.5816464615500936	2.0
3.0649731159210205	1.5816464615500936	2.0
3.0850963592529297	1.5816464615500936	2.0
3.101731061935425	1.581638189949527	2.0
3.11397647857666	1.581638189949527	2.0
3.1339690685272217	1.581638189949527	2.0
3.154197931289673	1.5820012721703365	2.0
3.167543888092041	1.5820012721703365	2.0
3.1926605701446533	1.5820012721703365	2.0
3.2137858867645264	1.5819569813032683	2.0
3.230924606323242	1.5819569813032683	2.0
3.246222496032715	1.5819569813032683	2.0
3.2618870735168457	1.5820231380991292	2.0
3.2758350372314453	1.5820231380991292	2.0
3.2988693714141846	1.5820231380991292	2.0
3.313566207885742	1.58185308463773	2.0
3.3295645713806152	1.58185308463773	2.0
3.348137855529785	1.58185308463773	2.0
3.3669116497039795	1.5819010166490615	2.0
3.3803207874298096	1.5819010166490615	2.0
3.3947551250457764	1.5819010166490615	2.0
3.4093072414398193	1.5818593124237095	2.0
3.421405076980591	1.5818593124237095	2.0
3.436269760131836	1.5818593124237095	2.0
3.4521982669830322	1.5818593124237095	2.0
3.467024326324463	1.5818170874011575	2.0
3.4794936180114746	1.5818170874011575	2.0
3.4954335689544678	1.5818170874011575	2.0
3.5112648010253906	1.5820291598439895	2.0
3.527719736099243	1.5820291598439895	2.0
3.545761823654175	1.5820291598439895	2.0
3.5595197677612305	1.5819957852134476	2.0
3.573092222213745	1.5819957852134476	2.0
3.593445301055908	1.5819957852134476	2.0
3.610323429107666	1.582042644882196	2.0
3.623044729232788	1.582042644882196	2.0
3.638580083847046	1.582042644882196	2.0
3.656115770339966	1.5817864691957124	2.0
3.6725220680236816	1.5817864691957124	2.0
3.68947696685791	1.5817864691957124	2.0
3.707789659500122	1.5816417805442757	2.0
3.7223191261291504	1.5816417805442757	2.0
3.7402682304382324	1.5816417805442757	2.0
3.7581875324249268	1.5816417805442757	2.0
3.780229091644287	1.581619918480354	2.0
3.7950711250305176	1.581619918480354	2.0
3.8103456497192383	1.581619918480354	2.0
3.833871841430664	1.5815666560230996	2.0
3.8513131141662598	1.5815666560230996	2.0
3.867586851119995	1.5815666560230996	2.0
3.881093740463257	1.5815692889082291	2.0
3.8958206176757812	1.5815692889082291	2.0
3.9111151695251465	1.5815692889082291	2.0
3.9257469177246094	1.581580943858338	2.0
3.9381988048553467	1.581580943858338	2.0
3.954728364944458	1.581580943858338	2.0
3.971780300140381	1.58152713782601	2.0
3.989025592803955	1.58152713782601	2.0
4.003611326217651	1.58152713782601	2.0
4.021342039108276	1.581396610089665	2.0
4.040919065475464	1.581396610089665	2.0
4.083625078201294	1.581396610089665	2.0
4.114062786102295	1.581396610089665	2.0
4.1517791748046875	1.581396610089665	2.0
4.2022926807403564	1.581396610089665	2.0
4.239097356796265	1.5815218499216719	2.0
4.276337146759033	1.5815218499216719	2.0
4.295793771743774	1.581331647357692	2.0
4.316074848175049	1.581331647357692	2.0
4.346984386444092	1.5812428177464428	2.0
4.369488716125488	1.5812428177464428	2.0
4.393588542938232	1.5812428177464428	2.0
4.409753322601318	1.5814240986087817	2.0
4.425154685974121	1.5814240986087817	2.0
4.4448606967926025	1.5814240986087817	2.0
4.465426206588745	1.5812019782346867	2.0
4.478642702102661	1.5812019782346867	2.0
4.4929726123809814	1.5812019782346867	2.0
4.515243053436279	1.5812019782346867	2.0
4.530436038970947	1.581301429478718	2.0
4.543620586395264	1.581301429478718	2.0
4.558184623718262	1.581301429478718	2.0
4.570176839828491	1.5812343964159343	2.0
4.582699775695801	1.5812343964159343	2.0
4.599679708480835	1.5812343964159343	2.0
4.61771821975708	1.581194593272317	2.0
4.633304595947266	1.581194593272317	2.0
4.645143032073975	1.581194593272317	2.0
4.65894889831543	1.581194593272317	2.0
4.673831224441528	1.5812310152672018	2.0
4.685199737548828	1.5812310152672018	2.0
4.698792219161987	1.5812310152672018	2.0
4.712584495544434	1.5812853795686437	2.0
4.725562334060669	1.5812853795686437	2.0
4.738552570343018	1.5812853795686437	2.0
4.753165006637573	1.5812853795686437	2.0
4.765531539916992	1.5812373250814642	2.0
4.776419639587402	1.5812373250814642	2.0
4.788972616195679	1.5812373250814642	2.0
4.802852630615234	1.5812017788629766	2.0
4.817038059234619	1.5812017788629766	2.0
4.832409381866455	1.5812017788629766	2.0
4.846621513366699	1.5812017788629766	2.0
4.860222816467285	1.5813312056483126	2.0
4.872947931289673	1.5813312056483126	2.0
4.887830018997192	1.5813312056483126	2.0
4.902472972869873	1.581225114306598	2.0
4.916822910308838	1.581225114306598	2.0
4.9302051067352295	1.581225114306598	2.0
4.943915128707886	1.5812594582860864	2.0
4.957806825637817	1.5812594582860864	2.0
4.971531629562378	1.5812594582860864	2.0
4.985843181610107	1.5811693881972988	2.0
5.00262713432312	1.5811693881972988	2.0
5.018297433853149	1.5811693881972988	2.0
5.0325071811676025	1.5811784530716415	2.0
5.046653509140015	1.5811784530716415	2.0
5.058995485305786	1.5811784530716415	2.0
5.0733482837677	1.5811784530716415	2.0
5.086180210113525	1.5812497279861506	2.0
5.0985612869262695	1.5812497279861506	2.0
5.113103866577148	1.5812497279861506	2.0
5.126309394836426	1.581237628916917	2.0
5.13990330696106	1.581237628916917	2.0
5.156599044799805	1.581237628916917	2.0
5.171546936035156	1.5811233103264954	2.0
5.183489799499512	1.5811233103264954	2.0
5.199193239212036	1.5811233103264954	2.0
5.215233325958252	1.581068893781306	2.0
5.229141712188721	1.581068893781306	2.0
5.243340015411377	1.581068893781306	2.0
5.257654190063477	1.581068893781306	2.0
5.270927429199219	1.5813305258643067	2.0
5.28452205657959	1.5813305258643067	2.0
5.299149036407471	1.5813305258643067	2.0
5.314831256866455	1.5811238136832073	2.0
5.330066442489624	1.5811238136832073	2.0
5.343963146209717	1.5811238136832073	2.0
5.3578572273254395	1.5811515592566405	2.0
5.371459484100342	1.5811515592566405	2.0
5.386711597442627	1.5811515592566405	2.0
5.401219606399536	1.5811993693412516	2.0
5.4151060581207275	1.5811993693412516	2.0
5.429828643798828	1.5811993693412516	2.0
5.444563150405884	1.5812436651324184	2.0
5.456495523452759	1.5812436651324184	2.0
5.467246055603027	1.5812436651324184	2.0
5.480791091918945	1.5812436651324184	2.0
5.493705987930298	1.5811484723776723	2.0
5.5061163902282715	1.5811484723776723	2.0
5.519561052322388	1.5811484723776723	2.0
5.533708810806274	1.5811247083327282	2.0
5.545312881469727	1.5811247083327282	2.0
5.558083534240723	1.5811247083327282	2.0
5.572185516357422	1.5811247083327282	2.0
5.586270570755005	1.5810747019177724	2.0
5.599744558334351	1.5810747019177724	2.0
5.613409042358398	1.5810747019177724	2.0
5.6254637241363525	1.5812160946754326	2.0
5.637273073196411	1.5812160946754326	2.0
5.6522698402404785	1.5812160946754326	2.0
5.6650567054748535	1.5813001578969228	2.0
5.679792881011963	1.5813001578969228	2.0
5.69242000579834	1.5813001578969228	2.0
5.705764532089233	1.5813001578969228	2.0
5.719411611557007	1.5811663554842517	2.0
5.73363733291626	1.5811663554842517	2.0
5.749293565750122	1.5811663554842517	2.0
5.76452898979187	1.5812480654221397	2.0
5.776352882385254	1.5812480654221397	2.0
5.7901611328125	1.5812480654221397	2.0
5.804539203643799	1.5811134331936947	2.0
5.817494630813599	1.5811134331936947	2.0
5.833366632461548	1.5811134331936947	2.0
5.8478710651397705	1.5811134331936947	2.0
5.864635229110718	1.5811230277981612	2.0
5.879649639129639	1.5811230277981612	2.0
5.89412784576416	1.5811230277981612	2.0
5.90709924697876	1.5808912779439148	2.0
5.921851634979248	1.5808912779439148	2.0
5.935495853424072	1.5808912779439148	2.0
5.947562217712402	1.5812027921375236	2.0
5.96120810508728	1.5812027921375236	2.0
5.97832727432251	1.5812027921375236	2.0
5.992999076843262	1.5813790421375238	2.0
6.006799936294556	1.5813790421375238	2.0
6.019643068313599	1.5813790421375238	2.0
6.033358812332153	1.5813790421375238	2.0
6.047242879867554	1.5814901910999741	2.0
6.058401584625244	1.5814901910999741	2.0
6.072572231292725	1.5814901910999741	2.0
6.087139129638672	1.5815062584587993	2.0
6.098345756530762	1.5815062584587993	2.0
6.110347747802734	1.5815062584587993	2.0
6.1247169971466064	1.5815062584587993	2.0
6.1376612186431885	1.5814579938247522	2.0
6.150067567825317	1.5814579938247522	2.0
6.163362741470337	1.5814579938247522	2.0
6.177618503570557	1.5816415135806197	2.0
6.1914026737213135	1.5816415135806197	2.0
6.206786870956421	1.5816415135806197	2.0
6.221365690231323	1.5817949197494507	2.0
6.232593774795532	1.5817949197494507	2.0
6.246586322784424	1.5817949197494507	2.0
6.2607221603393555	1.5817949197494507	2.0
6.27440881729126	1.5817608830311114	2.0
6.28859543800354	1.5817608830311114	2.0
6.304039239883423	1.5817608830311114	2.0
6.318434476852417	1.5815748363004802	2.0
6.332767724990845	1.5815748363004802	2.0
6.3482208251953125	1.5815748363004802	2.0
6.362480878829956	1.5818326904810875	2.0
6.375542640686035	1.5818326904810875	2.0
6.387704133987427	1.5818326904810875	2.0
6.402170181274414	1.5818326904810875	2.0
6.416140079498291	1.58156725366532	2.0
6.429213047027588	1.58156725366532	2.0
6.443993330001831	1.58156725366532	2.0
6.459052801132202	1.5813987565978713	2.0
6.471900224685669	1.5813987565978713	2.0
6.4856250286102295	1.5813987565978713	2.0
6.500077724456787	1.5813987565978713	2.0
6.514828443527222	1.581308376979877	2.0
6.528918504714966	1.581308376979877	2.0
6.543617486953735	1.581308376979877	2.0
6.55568790435791	1.5811876724344225	2.0
6.570294618606567	1.5811876724344225	2.0
6.585553407669067	1.5811876724344225	2.0
6.600372314453125	1.5811413983467142	2.0
6.614853382110596	1.5811413983467142	2.0
6.627944231033325	1.5811413983467142	2.0
6.6435980796813965	1.5808580737652378	2.0
6.65865683555603	1.5808580737652378	2.0
6.672866106033325	1.5808580737652378	2.0
6.687626361846924	1.5808580737652378	2.0
6.701312065124512	1.5805576814797064	2.0
6.713990688323975	1.5805576814797064	2.0
6.730175018310547	1.5805576814797064	2.0
6.7452778816223145	1.580500278151024	2.0
6.761221408843994	1.580500278151024	2.0
6.775763988494873	1.580500278151024	2.0
6.788376331329346	1.580654661440362	2.0
6.799662351608276	1.580654661440362	2.0
6.8138792514801025	1.580654661440362	2.0
6.829067707061768	1.5806294427353371	2.0
6.8444976806640625	1.5806294427353371	2.0
6.8591485023498535	1.5806294427353371	2.0
6.872555255889893	1.5806294427353371	2.0
6.885413646697998	1.580578114378726	2.0
6.900250196456909	1.580578114378726	2.0
6.914985418319702	1.580578114378726	2.0
6.9282636642456055	1.5808310128546255	2.0
6.943303108215332	1.5808310128546255	2.0
6.959185838699341	1.5808310128546255	2.0
6.973617315292358	1.581010389474119	2.0
6.986340045928955	1.581010389474119	2.0
6.999488830566406	1.581010389474119	2.0
7.0138044357299805	1.5811491195877554	2.0
7.027889966964722	1.5811491195877554	2.0
7.040523529052734	1.5811491195877554	2.0
7.055172681808472	1.5811491195877554	2.0
7.068619966506958	1.5810750610518147	2.0
7.080236911773682	1.5810750610518147	2.0
7.095995664596558	1.5810750610518147	2.0
7.110937118530273	1.5812295270495853	2.0
7.123687744140625	1.5812295270495853	2.0
7.137804269790649	1.5812295270495853	2.0
7.152350902557373	1.5814658054708288	2.0
7.167379140853882	1.5814658054708288	2.0
7.182973384857178	1.5814658054708288	2.0
7.198818683624268	1.5814901158156565	2.0
7.213979721069336	1.5814901158156565	2.0
7.229973554611206	1.5814901158156565	2.0
7.245456218719482	1.581446445803212	2.0
7.259441375732422	1.581446445803212	2.0
7.273667812347412	1.581446445803212	2.0
7.289633274078369	1.5814092295793392	2.0
7.304792881011963	1.5814092295793392	2.0
7.320242404937744	1.5814092295793392	2.0
7.335704803466797	1.5814092295793392	2.0
7.349716901779175	1.5817046696703099	2.0
7.364861249923706	1.5817046696703099	2.0
7.37985372543335	1.5817046696703099	2.0
7.392561674118042	1.581565817042347	2.0
7.4043498039245605	1.581565817042347	2.0
7.419881343841553	1.581565817042347	2.0
7.43479323387146	1.581493293443811	2.0
7.44971489906311	1.581493293443811	2.0
7.4636218547821045	1.581493293443811	2.0
7.477946996688843	1.581209952994979	2.0
7.489818334579468	1.581209952994979	2.0
7.5047287940979	1.581209952994979	2.0
7.521759748458862	1.581209952994979	2.0
7.537006139755249	1.5812824708840667	2.0
7.550167560577393	1.5812824708840667	2.0
7.564992666244507	1.5812824708840667	2.0
7.580618858337402	1.5813175898555847	2.0
7.595754146575928	1.5813175898555847	2.0
7.611297845840454	1.5813175898555847	2.0
7.6252405643463135	1.5812222546938979	2.0
7.6366493701934814	1.5812222546938979	2.0
7.650644063949585	1.5812222546938979	2.0
7.666255712509155	1.5812516556664886	2.0
7.680768251419067	1.5812516556664886	2.0
7.694734573364258	1.5812516556664886	2.0
7.7095184326171875	1.5813044295012473	2.0
7.7244274616241455	1.5813044295012473	2.0
7.738569021224976	1.5813044295012473	2.0
7.754413366317749	1.5813044295012473	2.0
7.76587438583374	1.581257171457325	2.0
7.777552843093872	1.581257171457325	2.0
7.792060852050781	1.581257171457325	2.0
7.805452108383179	1.5810394320408832	2.0
7.816930532455444	1.5810394320408832	2.0
7.829919099807739	1.5810394320408832	2.0
7.843214273452759	1.5810394320408832	2.0
7.855235815048218	1.5809532793278112	2.0
7.868102312088013	1.5809532793278112	2.0
7.88280987739563	1.5809532793278112	2.0
7.900730609893799	1.5806715957392106	2.0
7.91334342956543	1.5806715957392106	2.0
7.925027847290039	1.5806715957392106	2.0
7.938524007797241	1.5806715957392106	2.0
7.953268527984619	1.580780824051934	2.0
7.966141700744629	1.580780824051934	2.0
7.9812047481536865	1.580780824051934	2.0
7.996379375457764	1.5807372591680646	2.0
8.008848667144775	1.5807372591680646	2.0
8.021752119064331	1.5807372591680646	2.0
8.036799192428589	1.5807372591680646	2.0
8.049978733062744	1.5805769523097208	2.0
8.06174373626709	1.5805769523097208	2.0
8.074776887893677	1.5805769523097208	2.0
8.086925983428955	1.580551084033012	2.0
8.098464727401733	1.580551084033012	2.0
8.11226201057434	1.580551084033012	2.0
8.12744927406311	1.580551084033012	2.0
8.139090776443481	1.5806539718535249	2.0
8.150721549987793	1.5806539718535249	2.0
8.162315845489502	1.5806539718535249	2.0
8.174375295639038	1.5806539718535249	2.0
8.18631100654602	1.5805520584202708	2.0
8.197870969772339	1.5805520584202708	2.0
8.212739706039429	1.5805520584202708	2.0
8.22699761390686	1.5807986019715328	2.0
8.239697217941284	1.5807986019715328	2.0
8.251374244689941	1.5807986019715328	2.0
8.265846729278564	1.5808488873865087	2.0
8.279756546020508	1.5808488873865087	2.0
8.291958093643188	1.5808488873865087	2.0
8.306954145431519	1.5808488873865087	2.0
8.31931734085083	1.580868662707195	2.0
8.330365180969238	1.580868662707195	2.0
8.342565059661865	1.580868662707195	2.0
8.357901573181152	1.580868662707195	2.0
8.369834423065186	1.58105578777861	2.0
8.382015466690063	1.58105578777861	2.0
8.395312070846558	1.58105578777861	2.0
8.40731167793274	1.5810809996330148	2.0
8.419371843338013	1.5810809996330148	2.0
8.43100881576538	1.5810809996330148	2.0
8.444072484970093	1.5810809996330148	2.0
8.455473184585571	1.5812267566022558	2.0
8.466723680496216	1.5812267566022558	2.0
8.479975700378418	1.5812267566022558	2.0
8.493880271911621	1.581353213045087	2.0
8.50580644607544	1.581353213045087	2.0
8.516794443130493	1.581353213045087	2.0
8.528015851974487	1.581353213045087	2.0
8.540108442306519	1.5815509283370282	2.0
8.55144453048706	1.5815509283370282	2.0
8.562418937683105	1.5815509283370282	2.0
8.57496166229248	1.5815509283370282	2.0
8.590315818786621	1.581696854172683	2.0
8.602723836898804	1.581696854172683	2.0
8.613982200622559	1.581696854172683	2.0
8.627290725708008	1.581696854172683	2.0
8.640050888061523	1.5817033280651267	2.0
8.652623176574707	1.5817033280651267	2.0
8.66666293144226	1.5817033280651267	2.0
8.680668354034424	1.5815532552201246	2.0
8.691800594329834	1.5815532552201246	2.0
8.703560829162598	1.5815532552201246	2.0
8.718740463256836	1.5815532552201246	2.0
8.730803966522217	1.5817131547303775	2.0
8.74216628074646	1.5817131547303775	2.0
8.75642728805542	1.5817131547303775	2.0
8.769819259643555	1.5818945537648108	2.0
8.781696319580078	1.5818945537648108	2.0
8.79306173324585	1.5818945537648108	2.0
8.807915449142456	1.5818945537648108	2.0
8.82271933555603	1.5819649454438813	2.0
8.83560848236084	1.5819649454438813	2.0
8.849555253982544	1.5819649454438813	2.0
8.862143278121948	1.5820431868409988	2.0
8.874398469924927	1.5820431868409988	2.0
8.886298894882202	1.5820431868409988	2.0
8.899486303329468	1.5820431868409988	2.0
8.915549039840698	1.582085254695126	2.0
8.927661180496216	1.582085254695126	2.0
8.946396112442017	1.582085254695126	2.0
8.962117671966553	1.582085254695126	2.0
8.976356983184814	1.5820778908375053	2.0
8.990626096725464	1.5820778908375053	2.0
9.005947351455688	1.5820778908375053	2.0
9.018808841705322	1.581846089200424	2.0
9.031927585601807	1.581846089200424	2.0
9.04422640800476	1.581846089200424	2.0
9.056607484817505	1.581846089200424	2.0
9.07075548171997	1.5817055218812528	2.0
9.083585262298584	1.5817055218812528	2.0
9.09439492225647	1.5817055218812528	2.0
9.10603642463684	1.5817055218812528	2.0
9.119990587234497	1.5817055218812528	2.0
9.131590127944946	1.5819038564633856	2.0
9.142859697341919	1.5819038564633856	2.0
9.15451455116272	1.5819038564633856	2.0
9.165452480316162	1.5819038564633856	2.0
9.176368474960327	1.5819420100646586	2.0
9.187755107879639	1.5819420100646586	2.0
9.200965881347656	1.5819420100646586	2.0
9.21297287940979	1.5819420100646586	2.0
9.223517894744873	1.5818118227849112	2.0
9.23440432548523	1.5818118227849112	2.0
9.246984243392944	1.5818118227849112	2.0
9.259852647781372	1.5818118227849112	2.0
9.271369695663452	1.5814674849529051	2.0
9.282431602478027	1.5814674849529051	2.0
9.292819023132324	1.5814674849529051	2.0
9.303457736968994	1.5814674849529051	2.0
9.317984342575073	1.5813895954344916	2.0
9.331806898117065	1.5813895954344916	2.0
9.34423017501831	1.5813895954344916	2.0
9.35840106010437	1.5813895954344916	2.0
9.371949911117554	1.581251057873063	2.0
9.382036685943604	1.581251057873063	2.0
9.393460512161255	1.581251057873063	2.0
9.407495498657227	1.581251057873063	2.0
9.41977572441101	1.5811641746866456	2.0
9.430658340454102	1.5811641746866456	2.0
9.440863847732544	1.5811641746866456	2.0
9.451859474182129	1.5811641746866456	2.0
9.463019371032715	1.5811641746866456	2.0
9.473923921585083	1.5811618953685305	2.0
9.487029552459717	1.5811618953685305	2.0
9.498554468154907	1.5811618953685305	2.0
9.511760950088501	1.5811618953685305	2.0
9.524291276931763	1.5812536813787093	2.0
9.53449535369873	1.5812536813787093	2.0
9.545103073120117	1.5812536813787093	2.0
9.558538675308228	1.5812536813787093	2.0
9.57193899154663	1.5812536813787093	2.0
9.58368468284607	1.5813235523190503	2.0
9.593899011611938	1.5813235523190503	2.0
9.606462001800537	1.5813235523190503	2.0
9.618272304534912	1.5813235523190503	2.0
9.629791498184204	1.581214780890479	2.0
9.64090871810913	1.581214780890479	2.0
9.652894735336304	1.581214780890479	2.0
9.665866613388062	1.581214780890479	2.0
9.680413007736206	1.5811126139720144	2.0
9.692288160324097	1.5811126139720144	2.0
9.702704429626465	1.5811126139720144	2.0
9.716692209243774	1.5811126139720144	2.0
9.730285167694092	1.5811126139720144	2.0
9.743637561798096	1.5809034197303466	2.0
9.756179094314575	1.5809034197303466	2.0
9.767997741699219	1.5809034197303466	2.0
9.779574632644653	1.5809034197303466	2.0
9.791149616241455	1.5810690251679866	2.0
9.805979251861572	1.5810690251679866	2.0
9.818873882293701	1.5810690251679866	2.0
9.832787275314331	1.5811233293562388	2.0
9.84461784362793	1.5811233293562388	2.0
9.85582447052002	1.5811233293562388	2.0
9.86608600616455	1.5811233293562388	2.0
9.877768993377686	1.5812665666970203	2.0
9.890439748764038	1.5812665666970203	2.0
9.901451826095581	1.5812665666970203	2.0
9.912918329238892	1.5812665666970203	2.0
9.925429105758667	1.5809136998523132	2.0
9.937613725662231	1.5809136998523132	2.0
9.948533296585083	1.5809136998523132	2.0
9.960998058319092	1.5809136998523132	2.0
9.973852634429932	1.580823693668163	2.0
9.984350204467773	1.580823693668163	2.0
9.99476671218872	1.580823693668163	2.0
10.006918668746948	1.580823693668163	2.0
10.022454023361206	1.580823693668163	2.0
10.035233736038208	1.5808401027156687	2.0
10.046693563461304	1.5808401027156687	2.0
10.060419797897339	1.5808401027156687	2.0
10.072556972503662	1.5807147863944373	2.0
10.084622621536255	1.5807147863944373	2.0
10.095262289047241	1.5807147863944373	2.0
10.10786771774292	1.5807147863944373	2.0
10.12223768234253	1.58060771936147	2.0
10.134885549545288	1.58060771936147	2.0
10.146458625793457	1.58060771936147	2.0
10.1582510471344	1.58060771936147	2.0
10.172154426574707	1.5805143666072328	2.0
10.18412709236145	1.5805143666072328	2.0
10.195287227630615	1.5805143666072328	2.0
10.210413932800293	1.5805143666072328	2.0
10.222622632980347	1.580523254442215	2.0
10.233260869979858	1.580523254442215	2.0
10.244198083877563	1.580523254442215	2.0
10.258020162582397	1.580523254442215	2.0
10.269140720367432	1.580523254442215	2.0
10.281527042388916	1.580585134901441	2.0
10.292613744735718	1.580585134901441	2.0
10.30353307723999	1.580585134901441	2.0
10.31454348564148	1.580585134901441	2.0
10.327252388000488	1.580484557366091	2.0
10.338498592376709	1.580484557366091	2.0
10.35105848312378	1.580484557366091	2.0
10.365058422088623	1.580484557366091	2.0
10.377222061157227	1.5804219062998843	2.0
10.388731718063354	1.5804219062998843	2.0
10.39979076385498	1.5804219062998843	2.0
10.413582801818848	1.5804219062998843	2.0
10.428019762039185	1.5807957297248436	2.0
10.439159393310547	1.5807957297248436	2.0
10.451975107192993	1.5807957297248436	2.0
10.462239027023315	1.5807957297248436	2.0
10.473745822906494	1.58094756270389	2.0
10.48528265953064	1.58094756270389	2.0
10.496811628341675	1.58094756270389	2.0
10.50762677192688	1.58094756270389	2.0
10.520724534988403	1.5809251959099058	2.0
10.532540798187256	1.5809251959099058	2.0
10.543658018112183	1.5809251959099058	2.0
10.554739952087402	1.5809251959099058	2.0
10.567655801773071	1.5809251959099058	2.0
10.580272436141968	1.581017331931616	2.0
10.591403484344482	1.581017331931616	2.0
10.604840278625488	1.581017331931616	2.0
10.618535280227661	1.581017331931616	2.0
10.629805564880371	1.580956667003324	2.0
10.641340732574463	1.580956667003324	2.0
10.655004262924194	1.580956667003324	2.0
10.667731523513794	1.580956667003324	2.0
10.678984642028809	1.5809187349381064	2.0
10.691065549850464	1.5809187349381064	2.0
10.705183029174805	1.5809187349381064	2.0
10.718086242675781	1.580972381808193	2.0
10.730461120605469	1.580972381808193	2.0
10.742144346237183	1.580972381808193	2.0
10.752912759780884	1.580972381808193	2.0
10.764554500579834	1.5807017638794574	2.0
10.775678396224976	1.5807017638794574	2.0
10.786835193634033	1.5807017638794574	2.0
10.79915714263916	1.5807017638794574	2.0
10.81319785118103	1.5807017638794574	2.0
10.825499773025513	1.5808028310132516	2.0
10.836804628372192	1.5808028310132516	2.0
10.848520755767822	1.5808028310132516	2.0
10.862996816635132	1.5808028310132516	2.0
10.877552509307861	1.580773730301824	2.0
10.89357042312622	1.580773730301824	2.0
10.906327247619629	1.580773730301824	2.0
10.918715476989746	1.580773730301824	2.0
10.930879354476929	1.580616348728595	2.0
10.942178964614868	1.580616348728595	2.0
10.955440759658813	1.580616348728595	2.0
10.969326972961426	1.580616348728595	2.0
10.982354640960693	1.580435030408275	2.0
10.9940025806427	1.580435030408275	2.0
11.006277084350586	1.580435030408275	2.0
11.019250392913818	1.580435030408275	2.0
11.033130645751953	1.5805104674607575	2.0
11.045580625534058	1.5805104674607575	2.0
11.05905032157898	1.5805104674607575	2.0
11.070260047912598	1.5805104674607575	2.0
11.081669092178345	1.5803368693904107	2.0
11.09360957145691	1.5803368693904107	2.0
11.104462623596191	1.5803368693904107	2.0
11.117191791534424	1.5803368693904107	2.0
11.130991697311401	1.580489915803497	2.0
11.142307758331299	1.580489915803497	2.0
11.152880668640137	1.580489915803497	2.0
11.163840293884277	1.580489915803497	2.0
11.17720913887024	1.5808053292780628	2.0
11.189572811126709	1.5808053292780628	2.0
11.201632976531982	1.5808053292780628	2.0
11.215846300125122	1.5808053292780628	2.0
11.228647947311401	1.5809093340162614	2.0
11.239410877227783	1.5809093340162614	2.0
11.252085447311401	1.5809093340162614	2.0
11.266234874725342	1.5809093340162614	2.0
11.278268098831177	1.5809093340162614	2.0
11.289583921432495	1.5811786226542779	2.0
11.30074429512024	1.5811786226542779	2.0
11.311304569244385	1.5811786226542779	2.0
11.325323104858398	1.5810285639950603	2.0
11.34104609489441	1.5810285639950603	2.0
11.35224437713623	1.5810285639950603	2.0
11.366330862045288	1.5810285639950603	2.0
11.381050825119019	1.5810285639950603	2.0
11.392834663391113	1.581004897828358	2.0
11.403658866882324	1.581004897828358	2.0
11.418506145477295	1.581004897828358	2.0
11.433078050613403	1.581004897828358	2.0
11.445284605026245	1.5811079298168995	2.0
11.457151174545288	1.5811079298168995	2.0
11.47056531906128	1.5811079298168995	2.0
11.48414921760559	1.5811079298168995	2.0
11.498798370361328	1.58112309355124	2.0
11.510661363601685	1.58112309355124	2.0
11.52141547203064	1.58112309355124	2.0
11.53210186958313	1.58112309355124	2.0
11.544286489486694	1.5810354524539758	2.0
11.555030822753906	1.5810354524539758	2.0
11.566910028457642	1.5810354524539758	2.0
11.58139443397522	1.5810354524539758	2.0
11.595461130142212	1.5810877819866158	2.0
11.606775045394897	1.5810877819866158	2.0
11.618842840194702	1.5810877819866158	2.0
11.633554220199585	1.5810877819866158	2.0
11.645932912826538	1.5810340693981426	2.0
11.656832218170166	1.5810340693981426	2.0
11.66796588897705	1.5810340693981426	2.0
11.679700136184692	1.5810340693981426	2.0
11.690997838973999	1.580887318877224	2.0
11.701831340789795	1.580887318877224	2.0
11.713436126708984	1.580887318877224	2.0
11.72545075416565	1.580887318877224	2.0
11.738784790039062	1.5807928624331549	2.0
11.750049352645874	1.5807928624331549	2.0
11.760621070861816	1.5807928624331549	2.0
11.771766424179077	1.5807928624331549	2.0
11.785853147506714	1.5807329732364788	2.0
11.797324657440186	1.5807329732364788	2.0
11.808833599090576	1.5807329732364788	2.0
11.822599649429321	1.5807329732364788	2.0
11.834799528121948	1.5807906550546607	2.0
11.84561824798584	1.5807906550546607	2.0
11.856971025466919	1.5807906550546607	2.0
11.871169805526733	1.5807906550546607	2.0
11.883225917816162	1.5809431128971094	2.0
11.89417552947998	1.5809431128971094	2.0
11.9076087474823	1.5809431128971094	2.0
11.920271635055542	1.5809578654121998	2.0
11.930873155593872	1.5809578654121998	2.0
11.941957950592041	1.5809578654121998	2.0
11.957130908966064	1.5809578654121998	2.0
11.968862056732178	1.5811329894357555	2.0
11.979766845703125	1.5811329894357555	2.0
11.991190195083618	1.5811329894357555	2.0
12.00275731086731	1.5811329894357555	2.0
12.014784812927246	1.581138789332305	2.0
12.026301383972168	1.581138789332305	2.0
12.038418292999268	1.581138789332305	2.0
12.051250457763672	1.581138789332305	2.0
12.06419563293457	1.581210385778824	2.0
12.074982404708862	1.581210385778824	2.0
12.086603879928589	1.581210385778824	2.0
12.100054025650024	1.581210385778824	2.0
12.113069534301758	1.5811597497574492	2.0
12.124897956848145	1.5811597497574492	2.0
12.137518167495728	1.5811597497574492	2.0
12.151055335998535	1.5814067512408145	2.0
12.161719560623169	1.5814067512408145	2.0
12.173129320144653	1.5814067512408145	2.0
12.187495946884155	1.5814067512408145	2.0
12.200171709060669	1.5814790239003256	2.0
12.21072769165039	1.5814790239003256	2.0
12.221317052841187	1.5814790239003256	2.0
12.235893964767456	1.5814790239003256	2.0
12.247475624084473	1.5812722239003256	2.0
12.258357048034668	1.5812722239003256	2.0
12.270089149475098	1.5812722239003256	2.0
12.283734798431396	1.5813664646173549	2.0
12.294899225234985	1.5813664646173549	2.0
12.306077241897583	1.5813664646173549	2.0
12.320460319519043	1.5813664646173549	2.0
12.335359811782837	1.5814025304517862	2.0
12.348226547241211	1.5814025304517862	2.0
12.359945058822632	1.5814025304517862	2.0
12.371970176696777	1.5814025304517862	2.0
12.384318590164185	1.5813670991102746	2.0
12.395749568939209	1.5813670991102746	2.0
12.407494068145752	1.5813670991102746	2.0
12.420985460281372	1.5813670991102746	2.0
12.43270754814148	1.5814054967595716	2.0
12.444191217422485	1.5814054967595716	2.0
12.455701351165771	1.5814054967595716	2.0
12.469173669815063	1.5815357689293035	2.0
12.480260372161865	1.5815357689293035	2.0
12.49173378944397	1.5815357689293035	2.0
12.505675554275513	1.5815357689293035	2.0
12.519940614700317	1.5815128117349826	2.0
12.5308096408844	1.5815128117349826	2.0
12.54132628440857	1.5815128117349826	2.0
12.555749654769897	1.5815128117349826	2.0
12.568010330200195	1.5815805502761202	2.0
12.579453229904175	1.5815805502761202	2.0
12.592727661132812	1.5815805502761202	2.0
12.605691194534302	1.5813576015581714	2.0
12.616567373275757	1.5813576015581714	2.0
12.627564191818237	1.5813576015581714	2.0
12.640881299972534	1.5813576015581714	2.0
12.655419111251831	1.5814020596491	2.0
12.666646718978882	1.5814020596491	2.0
12.678321599960327	1.5814020596491	2.0
12.692481279373169	1.5814020596491	2.0
12.707007646560669	1.5814020596491	2.0
12.722904920578003	1.581712574732899	2.0
12.738394021987915	1.581712574732899	2.0
12.753391027450562	1.581712574732899	2.0
12.769726037979126	1.5816664021976876	2.0
12.784569025039673	1.5816664021976876	2.0
12.802196502685547	1.5816664021976876	2.0
12.817936182022095	1.5814925821794297	2.0
12.830889225006104	1.5814925821794297	2.0
12.849191904067993	1.5814925821794297	2.0
12.867400884628296	1.5814925821794297	2.0
12.88279128074646	1.5814264433064533	2.0
12.897498369216919	1.5814264433064533	2.0
12.913933038711548	1.5814264433064533	2.0
12.928439140319824	1.581325590661362	2.0
12.939483165740967	1.581325590661362	2.0
12.952394008636475	1.581325590661362	2.0
12.966513633728027	1.5813407422103236	2.0
12.977341175079346	1.5813407422103236	2.0
12.988122940063477	1.5813407422103236	2.0
13.001383066177368	1.5813407422103236	2.0
13.015162467956543	1.5815830777733113	2.0
13.026693344116211	1.5815830777733113	2.0
13.038132667541504	1.5815830777733113	2.0
13.050359964370728	1.5815830777733113	2.0
13.062100172042847	1.5817330296013747	2.0
13.073520183563232	1.5817330296013747	2.0
13.08606219291687	1.5817330296013747	2.0
13.099584817886353	1.5817330296013747	2.0
13.111473321914673	1.5817533851282006	2.0
13.122685432434082	1.5817533851282006	2.0
13.134671688079834	1.5817533851282006	2.0
13.145871639251709	1.5817533851282006	2.0
13.157567262649536	1.5816460248073017	2.0
13.169289827346802	1.5816460248073017	2.0
13.181018590927124	1.5816460248073017	2.0
13.196571111679077	1.5816460248073017	2.0
13.208495378494263	1.5814080240092172	2.0
13.219712495803833	1.5814080240092172	2.0
13.232517957687378	1.5814080240092172	2.0
13.247583866119385	1.581370363752807	2.0
13.259745359420776	1.581370363752807	2.0
13.273061752319336	1.581370363752807	2.0
13.287794589996338	1.581370363752807	2.0
13.298946142196655	1.58135987058944	2.0
13.311201333999634	1.58135987058944	2.0
13.325639486312866	1.58135987058944	2.0
13.339476346969604	1.5814255339716299	2.0
13.351848363876343	1.5814255339716299	2.0
13.365768671035767	1.5814255339716299	2.0
13.377782106399536	1.5814255339716299	2.0
13.389791488647461	1.5813306292719322	2.0
13.403972387313843	1.5813306292719322	2.0
13.419272422790527	1.5813306292719322	2.0
13.432756900787354	1.581093932698275	2.0
13.445786237716675	1.581093932698275	2.0
13.457263946533203	1.581093932698275	2.0
13.470056772232056	1.581093932698275	2.0
13.481222867965698	1.5808470607862197	2.0
13.493059396743774	1.5808470607862197	2.0
13.506513595581055	1.5808470607862197	2.0
13.520989656448364	1.5806626918676339	2.0
13.532281398773193	1.5806626918676339	2.0
13.543659925460815	1.5806626918676339	2.0
13.556891202926636	1.5806626918676339	2.0
13.570008039474487	1.5806406512039106	2.0
13.583023309707642	1.5806406512039106	2.0
13.596699476242065	1.5806406512039106	2.0
13.609788656234741	1.5807245322237404	2.0
13.62133264541626	1.5807245322237404	2.0
13.6327064037323	1.5807245322237404	2.0
13.64718747138977	1.5807245322237404	2.0
13.66034483909607	1.580824967522514	2.0
13.671586513519287	1.580824967522514	2.0
13.683887004852295	1.580824967522514	2.0
13.695262670516968	1.580824967522514	2.0
13.706888198852539	1.5808520224780644	2.0
13.718505382537842	1.5808520224780644	2.0
13.732494354248047	1.5808520224780644	2.0
13.74711012840271	1.5809022089187423	2.0
13.758194923400879	1.5809022089187423	2.0
13.770984172821045	1.5809022089187423	2.0
13.784696102142334	1.5809022089187423	2.0
13.798681259155273	1.5809272277201525	2.0
13.810766458511353	1.5809272277201525	2.0
13.82311725616455	1.5809272277201525	2.0
13.837172269821167	1.5809431946579848	2.0
13.852583885192871	1.5809431946579848	2.0
13.864716053009033	1.5809431946579848	2.0
13.880398750305176	1.5809431946579848	2.0
13.894001722335815	1.5810742005038014	2.0
13.905761241912842	1.5810742005038014	2.0
13.918736696243286	1.5810742005038014	2.0
13.932234525680542	1.5812666543098413	2.0
13.943512678146362	1.5812666543098413	2.0
13.955590009689331	1.5812666543098413	2.0
13.970146894454956	1.5812666543098413	2.0
13.98175573348999	1.5814247961922976	2.0
13.993982076644897	1.5814247961922976	2.0
14.006439447402954	1.5814247961922976	2.0
14.021723508834839	1.581535342357669	2.0
14.034136772155762	1.581535342357669	2.0
14.046458005905151	1.581535342357669	2.0
14.059414625167847	1.581535342357669	2.0
14.07141900062561	1.5813496058137593	2.0
14.08267092704773	1.5813496058137593	2.0
14.095234394073486	1.5813496058137593	2.0
14.109565496444702	1.5813496058137593	2.0
14.121275186538696	1.5812971990038385	2.0
14.13322377204895	1.5812971990038385	2.0
14.145391941070557	1.5812971990038385	2.0
14.158263206481934	1.5813799065774252	2.0
14.169515371322632	1.5813799065774252	2.0
14.18226146697998	1.5813799065774252	2.0
14.195919036865234	1.5813799065774252	2.0
14.208750247955322	1.5813490264121361	2.0
14.220618963241577	1.5813490264121361	2.0
14.231342792510986	1.5813490264121361	2.0
14.245536088943481	1.581337757300167	2.0
14.257646799087524	1.581337757300167	2.0
14.268981456756592	1.581337757300167	2.0
14.288033962249756	1.581337757300167	2.0
14.300479650497437	1.5812556966123346	2.0
14.311994314193726	1.5812556966123346	2.0
14.324929475784302	1.5812556966123346	2.0
14.340346813201904	1.5812746074450537	2.0
14.354959964752197	1.5812746074450537	2.0
14.3678617477417	1.5812746074450537	2.0
14.382757663726807	1.5812746074450537	2.0
14.39432954788208	1.581060033620442	2.0
14.407004117965698	1.581060033620442	2.0
14.42087435722351	1.581060033620442	2.0
14.43320107460022	1.580907883239402	2.0
14.44406795501709	1.580907883239402	2.0
14.455661296844482	1.580907883239402	2.0
14.469886302947998	1.580907883239402	2.0
14.482406854629517	1.5807604911255748	2.0
14.493738174438477	1.5807604911255748	2.0
14.50649619102478	1.5807604911255748	2.0
14.519139528274536	1.5807604911255748	2.0
14.530437231063843	1.5809715646119147	2.0
14.541805505752563	1.5809715646119147	2.0
14.554457664489746	1.5809715646119147	2.0
14.567869424819946	1.5809841353966703	2.0
14.579482078552246	1.5809841353966703	2.0
14.591305494308472	1.5809841353966703	2.0
14.606693744659424	1.5809841353966703	2.0
14.62138819694519	1.5809747661747902	2.0
14.633089780807495	1.5809747661747902	2.0
14.645902633666992	1.5809747661747902	2.0
14.66111969947815	1.5808974139457133	2.0
14.673940896987915	1.5808974139457133	2.0
14.685856580734253	1.5808974139457133	2.0
14.699165344238281	1.5808974139457133	2.0
14.712909460067749	1.580894392517142	2.0
14.723884344100952	1.580894392517142	2.0
14.736100912094116	1.580894392517142	2.0
14.749995231628418	1.580894392517142	2.0
14.76134467124939	1.581135520057342	2.0
14.77254319190979	1.581135520057342	2.0
14.786878824234009	1.581135520057342	2.0
14.800389051437378	1.5811870319502348	2.0
14.81371545791626	1.5811870319502348	2.0
14.826059579849243	1.5811870319502348	2.0
14.839106559753418	1.5811870319502348	2.0
14.853171348571777	1.5812016868345096	2.0
14.86555528640747	1.5812016868345096	2.0
14.879436492919922	1.5812016868345096	2.0
14.894657850265503	1.5813836259479435	2.0
14.906083822250366	1.5813836259479435	2.0
14.917354822158813	1.5813836259479435	2.0
14.92903447151184	1.5813836259479435	2.0
14.941866874694824	1.5814194847924938	2.0
14.953432321548462	1.5814194847924938	2.0
14.966939210891724	1.5814194847924938	2.0
14.98131012916565	1.581397271624306	2.0
14.992700338363647	1.581397271624306	2.0
15.003355503082275	1.581397271624306	2.0
15.01751708984375	1.581397271624306	2.0
15.03117561340332	1.5815553503301774	2.0
15.04255223274231	1.5815553503301774	2.0
15.055622100830078	1.5815553503301774	2.0
15.069528102874756	1.5815553503301774	2.0
15.081138610839844	1.5814557962486893	2.0
15.092764854431152	1.5814557962486893	2.0
15.107357501983643	1.5814557962486893	2.0
15.12058711051941	1.5816639036430555	2.0
15.132036924362183	1.5816639036430555	2.0
15.143944025039673	1.5816639036430555	2.0
15.155908823013306	1.5816639036430555	2.0
15.168845653533936	1.5815339822144843	2.0
15.18043565750122	1.5815339822144843	2.0
15.19206690788269	1.5815339822144843	2.0
15.203928470611572	1.5815339822144843	2.0
15.216824769973755	1.5814128420436495	2.0
15.228645086288452	1.5814128420436495	2.0
15.239922046661377	1.5814128420436495	2.0
15.252938270568848	1.5814128420436495	2.0
15.2659912109375	1.5814328937566422	2.0
15.278387546539307	1.5814328937566422	2.0
15.290867805480957	1.5814328937566422	2.0
15.305593967437744	1.5813896455577168	2.0
15.31785798072815	1.5813896455577168	2.0
15.33155107498169	1.5813896455577168	2.0
15.346651315689087	1.5813896455577168	2.0
15.359452247619629	1.581151335698562	2.0
15.370543956756592	1.581151335698562	2.0
15.384363889694214	1.581151335698562	2.0
15.39902949333191	1.5812513802729133	2.0
15.41092038154602	1.5812513802729133	2.0
15.425466537475586	1.5812513802729133	2.0
15.43865442276001	1.5811990790628876	2.0
15.449737548828125	1.5811990790628876	2.0
15.463117122650146	1.5811990790628876	2.0
15.477376222610474	1.5811990790628876	2.0
15.490225791931152	1.5809496041530662	2.0
15.502047777175903	1.5809496041530662	2.0
15.514639377593994	1.5809496041530662	2.0
15.526397228240967	1.5809496041530662	2.0
15.539123773574829	1.5809806147441463	2.0
15.550567626953125	1.5809806147441463	2.0
15.562789678573608	1.5809806147441463	2.0
15.576799392700195	1.5809500614711658	2.0
15.588828563690186	1.5809500614711658	2.0
15.599851369857788	1.5809500614711658	2.0
15.614121913909912	1.5809500614711658	2.0
15.627740144729614	1.5810845021305062	2.0
15.639688730239868	1.5810845021305062	2.0
15.653364419937134	1.5810845021305062	2.0
15.66848373413086	1.5811397018008821	2.0
15.679826498031616	1.5811397018008821	2.0
15.69158935546875	1.5811397018008821	2.0
15.704982995986938	1.5811397018008821	2.0
15.719934701919556	1.5809812352674155	2.0
15.73177695274353	1.5809812352674155	2.0
15.747135162353516	1.5809812352674155	2.0
15.762746095657349	1.5810061310001013	2.0
15.773951053619385	1.5810061310001013	2.0
15.785613298416138	1.5810061310001013	2.0
15.79985785484314	1.5810061310001013	2.0
15.812085151672363	1.5809800137081143	2.0
15.824161291122437	1.5809800137081143	2.0
15.836312532424927	1.5809800137081143	2.0
15.849306344985962	1.5808284106053345	2.0
15.861373901367188	1.5808284106053345	2.0
15.874567031860352	1.5808284106053345	2.0
15.88899850845337	1.5808284106053345	2.0
15.90152907371521	1.5810797560724732	2.0
15.912786483764648	1.5810797560724732	2.0
15.924393653869629	1.5810797560724732	2.0
15.936833381652832	1.5810797560724732	2.0
15.94978666305542	1.5813433656292826	2.0
15.961035013198853	1.5813433656292826	2.0
15.97176456451416	1.5813433656292826	2.0
15.985342025756836	1.5813433656292826	2.0
15.998587846755981	1.5813642832117003	2.0
16.01012873649597	1.5813642832117003	2.0
16.024075269699097	1.5813642832117003	2.0
16.040236234664917	1.5811799558980888	2.0
16.050904989242554	1.5811799558980888	2.0
16.061938524246216	1.5811799558980888	2.0
16.076828241348267	1.5811799558980888	2.0
16.089763879776	1.581145048736285	2.0
16.101245403289795	1.581145048736285	2.0
16.117133855819702	1.581145048736285	2.0
16.12995433807373	1.5810839903401477	2.0
16.14094829559326	1.5810839903401477	2.0
16.15324115753174	1.5810839903401477	2.0
16.168641805648804	1.5810839903401477	2.0
16.180466175079346	1.581137933521966	2.0
16.194620609283447	1.581137933521966	2.0
16.206905126571655	1.581137933521966	2.0
16.21971607208252	1.5810427969476015	2.0
16.23251175880432	1.5810427969476015	2.0
16.245332956314087	1.5810427969476015	2.0
16.25920844078064	1.5810427969476015	2.0
16.271578311920166	1.5812316382846907	2.0
16.28344988822937	1.5812316382846907	2.0
16.295879125595093	1.5812316382846907	2.0
16.30915856361389	1.5811962482521877	2.0
16.32369828224182	1.5811962482521877	2.0
16.33613109588623	1.5811962482521877	2.0
16.352060317993164	1.5811962482521877	2.0
16.364480018615723	1.5809051149840863	2.0
16.37609028816223	1.5809051149840863	2.0
16.3906888961792	1.5809051149840863	2.0
16.40459632873535	1.5807858145912417	2.0
16.41608738899231	1.5807858145912417	2.0
16.43027114868164	1.5807858145912417	2.0
16.444146871566772	1.5807323066103958	2.0
16.45549488067627	1.5807323066103958	2.0
16.466707468032837	1.5807323066103958	2.0
16.482167959213257	1.5807323066103958	2.0
16.494884967803955	1.580807618919677	2.0
16.506269454956055	1.580807618919677	2.0
16.521156787872314	1.580807618919677	2.0
16.532981395721436	1.5807954637472634	2.0
16.54484462738037	1.5807954637472634	2.0
16.557502031326294	1.5807954637472634	2.0
16.572053909301758	1.5807954637472634	2.0
16.58456301689148	1.5808460099457409	2.0
16.59710693359375	1.5808460099457409	2.0
16.60917615890503	1.5808460099457409	2.0
16.62237286567688	1.5808740102939303	2.0
16.63388729095459	1.5808740102939303	2.0
16.646159648895264	1.5808740102939303	2.0
16.659221172332764	1.5808740102939303	2.0
16.67274045944214	1.581098300846954	2.0
16.684857845306396	1.581098300846954	2.0
16.696645498275757	1.581098300846954	2.0
16.709501266479492	1.581098300846954	2.0
16.722705364227295	1.5811215053506733	2.0
16.73389744758606	1.5811215053506733	2.0
16.74592900276184	1.5811215053506733	2.0
16.76053762435913	1.5812623777639236	2.0
16.772857904434204	1.5812623777639236	2.0
16.784296989440918	1.5812623777639236	2.0
16.79975724220276	1.5812623777639236	2.0
16.812620401382446	1.5813866710412348	2.0
16.82423424720764	1.5813866710412348	2.0
16.83677887916565	1.5813866710412348	2.0
16.852339029312134	1.5813970290094326	2.0
16.864067792892456	1.5813970290094326	2.0
16.877335786819458	1.5813970290094326	2.0
16.891703844070435	1.5813970290094326	2.0
16.904215335845947	1.5814774401213938	2.0
16.916330814361572	1.5814774401213938	2.0
16.9311203956604	1.5814774401213938	2.0
16.946093559265137	1.5815997191129905	2.0
16.959022521972656	1.5815997191129905	2.0
16.970802783966064	1.5815997191129905	2.0
16.982688665390015	1.5815997191129905	2.0
16.997517585754395	1.5817726188646382	2.0
17.013744592666626	1.5817726188646382	2.0
17.028284788131714	1.5817726188646382	2.0
17.04611825942993	1.5817561816860064	2.0
17.058109045028687	1.5817561816860064	2.0
17.071686267852783	1.5817561816860064	2.0
17.087350606918335	1.5816979959929895	2.0
17.09943127632141	1.5816979959929895	2.0
17.11093497276306	1.5816979959929895	2.0
17.125741481781006	1.5816979959929895	2.0
17.1378116607666	1.5817072902888156	2.0
17.1505708694458	1.5817072902888156	2.0
17.165374279022217	1.5817072902888156	2.0
17.179381847381592	1.5815877871892416	2.0
17.191153049468994	1.5815877871892416	2.0
17.2053005695343	1.5815877871892416	2.0
17.218079328536987	1.5815877871892416	2.0
17.229530572891235	1.581630597733334	2.0
17.24110698699951	1.581630597733334	2.0
17.255767822265625	1.581630597733334	2.0
17.268994569778442	1.5815173801743558	2.0
17.280815601348877	1.5815173801743558	2.0
17.292136430740356	1.5815173801743558	2.0
17.303682565689087	1.5815173801743558	2.0
17.31739592552185	1.5814447353419936	2.0
17.331706285476685	1.5814447353419936	2.0
17.3458993434906	1.5814447353419936	2.0
17.36084532737732	1.581428188949041	2.0
17.373547315597534	1.581428188949041	2.0
17.384923219680786	1.581428188949041	2.0
17.39971613883972	1.581428188949041	2.0
17.413153648376465	1.5813491879805182	2.0
17.427249908447266	1.5813491879805182	2.0
17.44283366203308	1.5813491879805182	2.0
17.4554340839386	1.5813160727116289	2.0
17.46689009666443	1.5813160727116289	2.0
17.48030138015747	1.5813160727116289	2.0
17.49466323852539	1.5813704370336235	2.0
17.505589723587036	1.5813704370336235	2.0
17.516794204711914	1.5813704370336235	2.0
17.529869556427002	1.5813704370336235	2.0
17.546769380569458	1.5813505578971832	2.0
17.559062957763672	1.5813505578971832	2.0
17.57240056991577	1.5813505578971832	2.0
17.58732271194458	1.5813505578971832	2.0
17.599202156066895	1.5811882328030715	2.0
17.611541032791138	1.5811882328030715	2.0
17.626287937164307	1.5811882328030715	2.0
17.639036655426025	1.58117493483667	2.0
17.651860237121582	1.58117493483667	2.0
17.663366317749023	1.58117493483667	2.0
17.676852703094482	1.5809082872722	2.0
17.689348936080933	1.5809082872722	2.0
17.701705932617188	1.5809082872722	2.0
17.716817378997803	1.5809082872722	2.0
17.730771780014038	1.5810222085546566	2.0
17.74197483062744	1.5810222085546566	2.0
17.753307104110718	1.5810222085546566	2.0
17.767578125	1.581055480763891	2.0
17.779306173324585	1.581055480763891	2.0
17.79220223426819	1.581055480763891	2.0
17.807706356048584	1.581055480763891	2.0
17.82059407234192	1.5808680298886517	2.0
17.831467390060425	1.5808680298886517	2.0
17.845873594284058	1.5808680298886517	2.0
17.861413717269897	1.5808680298886517	2.0
17.87338089942932	1.580729320142889	2.0
17.887021780014038	1.580729320142889	2.0
17.902073860168457	1.580729320142889	2.0
17.91556715965271	1.5806549353918207	2.0
17.92755651473999	1.5806549353918207	2.0
17.94071078300476	1.5806549353918207	2.0
17.956418991088867	1.5803666256281632	2.0
17.968402862548828	1.5803666256281632	2.0
17.979701042175293	1.5803666256281632	2.0
17.991917848587036	1.5803666256281632	2.0
18.00564455986023	1.5803788158298924	2.0
18.017865896224976	1.5803788158298924	2.0
18.029695510864258	1.5803788158298924	2.0
18.04466938972473	1.5803788158298924	2.0
18.0577175617218	1.5804581477947437	2.0
18.068998098373413	1.5804581477947437	2.0
18.082771062850952	1.5804581477947437	2.0
18.09739637374878	1.5803978913844872	2.0
18.1093909740448	1.5803978913844872	2.0
18.1218159198761	1.5803978913844872	2.0
18.135955095291138	1.5803978913844872	2.0
18.14803695678711	1.580543437362191	2.0
18.159985303878784	1.580543437362191	2.0
18.175438404083252	1.580543437362191	2.0
18.189359426498413	1.5805960202351188	2.0
18.201331615447998	1.5805960202351188	2.0
18.214522123336792	1.5805960202351188	2.0
18.227301359176636	1.5805960202351188	2.0
18.23874258995056	1.5805960202351188	2.0
18.2501437664032	1.5805960202351188	2.0
18.264968156814575	1.5805960202351188	2.0
18.278903245925903	1.5806850248349726	2.0
18.291446685791016	1.5806850248349726	2.0
18.30500030517578	1.5806850248349726	2.0
18.318543672561646	1.5808835801970893	2.0
18.330928325653076	1.5808835801970893	2.0
18.34404420852661	1.5808835801970893	2.0
18.359155893325806	1.5808835801970893	2.0
18.371503353118896	1.581024208944892	2.0
18.38456439971924	1.581024208944892	2.0
18.397213459014893	1.581024208944892	2.0
18.410757541656494	1.5813034439771012	2.0
18.42224383354187	1.5813034439771012	2.0
18.434849500656128	1.5813034439771012	2.0
18.44676899909973	1.5813034439771012	2.0
18.460617065429688	1.5814134555517219	2.0
18.473265886306763	1.5814134555517219	2.0
18.48662257194519	1.5814134555517219	2.0
18.50161099433899	1.5813616979884615	2.0
18.513608932495117	1.5813616979884615	2.0
18.5251247882843	1.5813616979884615	2.0
18.538833141326904	1.5813616979884615	2.0
18.55212426185608	1.5815022573321647	2.0
18.563167810440063	1.5815022573321647	2.0
18.580692291259766	1.5815022573321647	2.0
18.593515634536743	1.5815455353552383	2.0
18.605512380599976	1.5815455353552383	2.0
18.619229555130005	1.5815455353552383	2.0
18.635477304458618	1.5814238906463562	2.0
18.64799928665161	1.5814238906463562	2.0
18.66070556640625	1.5814238906463562	2.0
18.673008680343628	1.5814238906463562	2.0
18.687423944473267	1.5814164098743864	2.0
18.700031280517578	1.5814164098743864	2.0
18.712334156036377	1.5814164098743864	2.0
18.72642230987549	1.5814164098743864	2.0
18.738677740097046	1.5813731834775437	2.0
18.75213623046875	1.5813731834775437	2.0
18.764291048049927	1.5813731834775437	2.0
18.778205394744873	1.581044481928986	2.0
18.79072594642639	1.581044481928986	2.0
18.80222725868225	1.581044481928986	2.0
18.817775011062622	1.581044481928986	2.0
18.83041024208069	1.5808302126546363	2.0
18.841187000274658	1.5808302126546363	2.0
18.855530738830566	1.5808302126546363	2.0
18.870502710342407	1.5806821877808614	2.0
18.882317066192627	1.5806821877808614	2.0
18.895702362060547	1.5806821877808614	2.0
18.90919017791748	1.5806821877808614	2.0
18.92152166366577	1.5807510504857796	2.0
18.933413982391357	1.5807510504857796	2.0
18.948060750961304	1.5807510504857796	2.0
18.961007595062256	1.5807506853527291	2.0
18.972328901290894	1.5807506853527291	2.0
18.983444452285767	1.5807506853527291	2.0
18.99932098388672	1.5807506853527291	2.0
19.0120530128479	1.5807140683167182	2.0
19.024003267288208	1.5807140683167182	2.0
19.036156177520752	1.5807140683167182	2.0
19.048462390899658	1.5806411684449049	2.0
19.059956550598145	1.5806411684449049	2.0
19.071252822875977	1.5806411684449049	2.0
19.08466362953186	1.5806411684449049	2.0
19.099334716796875	1.5805861562524863	2.0
19.111292362213135	1.5805861562524863	2.0
19.12256956100464	1.5805861562524863	2.0
19.136552810668945	1.5805861562524863	2.0
19.148938179016113	1.5805446856642513	2.0
19.160651206970215	1.5805446856642513	2.0
19.1735200881958	1.5805446856642513	2.0
19.188363790512085	1.5807997282543425	2.0
19.199971199035645	1.5807997282543425	2.0
19.211896896362305	1.5807997282543425	2.0
19.226552724838257	1.5807997282543425	2.0
19.240365982055664	1.5811031453331346	2.0
19.25173306465149	1.5811031453331346	2.0
19.266181230545044	1.5811031453331346	2.0
19.280189514160156	1.581108524106786	2.0
19.29146456718445	1.581108524106786	2.0
19.303714752197266	1.581108524106786	2.0
19.318738222122192	1.581108524106786	2.0
19.331582069396973	1.5811288484311103	2.0
19.343679189682007	1.5811288484311103	2.0
19.356613397598267	1.5811288484311103	2.0
19.369243621826172	1.581119273154867	2.0
19.38121461868286	1.581119273154867	2.0
19.393527030944824	1.581119273154867	2.0
19.40737247467041	1.581119273154867	2.0
19.420605897903442	1.5810985138682692	2.0
19.43332839012146	1.5810985138682692	2.0
19.44506311416626	1.5810985138682692	2.0
19.458862781524658	1.5810985138682692	2.0
19.470959901809692	1.5810895520038626	2.0
19.483176708221436	1.5810895520038626	2.0
19.49855375289917	1.5810895520038626	2.0
19.512282609939575	1.5810655127343085	2.0
19.523479461669922	1.5810655127343085	2.0
19.536644458770752	1.5810655127343085	2.0
19.552430152893066	1.5811837442212446	2.0
19.564143657684326	1.5811837442212446	2.0
19.576975107192993	1.5811837442212446	2.0
19.591063022613525	1.5811837442212446	2.0
19.602705478668213	1.5811548936893423	2.0
19.613830089569092	1.5811548936893423	2.0
19.62716317176819	1.5811548936893423	2.0
19.643073320388794	1.580993591760148	2.0
19.65539050102234	1.580993591760148	2.0
19.667476892471313	1.580993591760148	2.0
19.68069863319397	1.580993591760148	2.0
19.691840171813965	1.5809035303950174	2.0
19.70351815223694	1.5809035303950174	2.0
19.718449592590332	1.5809035303950174	2.0
19.73081922531128	1.580808532977298	2.0
19.74256992340088	1.580808532977298	2.0
19.754722833633423	1.580808532977298	2.0
19.7690532207489	1.580808532977298	2.0
19.78175950050354	1.5806323817167942	2.0
19.793896436691284	1.5806323817167942	2.0
19.807203769683838	1.5806323817167942	2.0
19.820847034454346	1.580526897895616	2.0
19.83223056793213	1.580526897895616	2.0
19.84446358680725	1.580526897895616	2.0
19.859495162963867	1.580526897895616	2.0
19.87351655960083	1.580526897895616	2.0
19.88635015487671	1.580526897895616	2.0
19.89976167678833	1.580526897895616	2.0
19.91591453552246	1.5805167128240896	2.0
19.9280788898468	1.5805167128240896	2.0
19.941843032836914	1.5805167128240896	2.0
19.9567391872406	1.5805222514302204	2.0
19.96819829940796	1.5805222514302204	2.0
19.98024606704712	1.5805222514302204	2.0
19.995539903640747	1.5805222514302204	2.0
20.01032042503357	1.5805472720314	2.0
20.029159784317017	1.5805472720314	2.0
20.044739246368408	1.5804977799061266	2.0
20.056475162506104	1.5804977799061266	2.0
20.068770170211792	1.5804977799061266	2.0
20.084880590438843	1.5804977799061266	2.0
20.098490238189697	1.5806427268499976	2.0
20.11149024963379	1.5806427268499976	2.0
20.12430429458618	1.5806427268499976	2.0
20.13701868057251	1.5806870679426115	2.0
20.1503427028656	1.5806870679426115	2.0
20.162596464157104	1.5806870679426115	2.0
20.17629599571228	1.5806870679426115	2.0
20.190049648284912	1.5809163486901128	2.0
20.203667402267456	1.5809163486901128	2.0
20.215907096862793	1.5809163486901128	2.0
20.23021173477173	1.5810866909618528	2.0
20.242438077926636	1.5810866909618528	2.0
20.254491329193115	1.5810866909618528	2.0
20.27048087120056	1.5810866909618528	2.0
20.283977508544922	1.5810105664000562	2.0
20.295552253723145	1.5810105664000562	2.0
20.308670043945312	1.5810105664000562	2.0
20.324331521987915	1.580906091220448	2.0
20.337616443634033	1.580906091220448	2.0
20.35261368751526	1.580906091220448	2.0
20.3684241771698	1.5810071571704658	2.0
20.379918813705444	1.5810071571704658	2.0
20.392269611358643	1.5810071571704658	2.0
20.408036470413208	1.5810071571704658	2.0
20.41998028755188	1.5811091528466252	2.0
20.431315898895264	1.5811091528466252	2.0
20.44398808479309	1.5811091528466252	2.0
20.456652402877808	1.5812097220596657	2.0
20.468729972839355	1.5812097220596657	2.0
20.480129957199097	1.5812097220596657	2.0
20.494541883468628	1.5812097220596657	2.0
20.506704330444336	1.5814154129082925	2.0
20.51936149597168	1.5814154129082925	2.0
20.531639337539673	1.5814154129082925	2.0
20.546891689300537	1.5814154129082925	2.0
20.560657739639282	1.581208814776551	2.0
20.571843147277832	1.581208814776551	2.0
20.584437370300293	1.581208814776551	2.0
20.59785532951355	1.5812129219436017	2.0
20.60913872718811	1.5812129219436017	2.0
20.62186312675476	1.5812129219436017	2.0
20.63796067237854	1.5812129219436017	2.0
20.65183663368225	1.5810990054376381	2.0
20.663110733032227	1.5810990054376381	2.0
20.676384449005127	1.5810990054376381	2.0
20.69191288948059	1.5811952093127655	2.0
20.703854084014893	1.5811952093127655	2.0
20.71622323989868	1.5811952093127655	2.0
20.73072075843811	1.5811952093127655	2.0
20.742323875427246	1.5812201552959273	2.0
20.754054069519043	1.5812201552959273	2.0
20.77063512802124	1.5812201552959273	2.0
20.784358501434326	1.58130883988673	2.0
20.79783272743225	1.58130883988673	2.0
20.810818672180176	1.58130883988673	2.0
20.825809478759766	1.5812151708726454	2.0
20.838077306747437	1.5812151708726454	2.0
20.85203456878662	1.5812151708726454	2.0
20.868884086608887	1.5812151708726454	2.0
20.88518714904785	1.58124799098596	2.0
20.896972179412842	1.58124799098596	2.0
20.909762144088745	1.58124799098596	2.0
20.92420268058777	1.581039119627333	2.0
20.935998916625977	1.581039119627333	2.0
20.95003366470337	1.581039119627333	2.0
20.96532440185547	1.5810386585639928	2.0
20.97657322883606	1.5810386585639928	2.0
20.98846173286438	1.5810386585639928	2.0
21.00416612625122	1.5810386585639928	2.0
21.018588066101074	1.5810007586514054	2.0
21.030136585235596	1.5810007586514054	2.0
21.041957139968872	1.5810007586514054	2.0
21.054285526275635	1.5810007586514054	2.0
21.06876015663147	1.5808986796217455	2.0
21.08180260658264	1.5808986796217455	2.0
21.095555067062378	1.5808986796217455	2.0
21.110180139541626	1.5809132327951025	2.0
21.122136116027832	1.5809132327951025	2.0
21.134219884872437	1.5809132327951025	2.0
21.14681386947632	1.5809132327951025	2.0
21.15948176383972	1.5806608748405568	2.0
21.17293882369995	1.5806608748405568	2.0
21.185594081878662	1.5806608748405568	2.0
21.20077872276306	1.5806517778848852	2.0
21.214523315429688	1.5806517778848852	2.0
21.226447343826294	1.5806517778848852	2.0
21.241203546524048	1.5806517778848852	2.0
21.255273580551147	1.58061394875538	2.0
21.266662120819092	1.58061394875538	2.0
21.280845642089844	1.58061394875538	2.0
21.296223163604736	1.580692347915044	2.0
21.30814003944397	1.580692347915044	2.0
21.329371690750122	1.580692347915044	2.0
21.342669010162354	1.5804852327546943	2.0
21.354000329971313	1.5804852327546943	2.0
21.367968797683716	1.5804852327546943	2.0
21.382829666137695	1.5802850111475952	2.0
21.395301818847656	1.5802850111475952	2.0
21.40700054168701	1.5802850111475952	2.0
21.421300649642944	1.5802850111475952	2.0
21.43386745452881	1.5800811072127623	2.0
21.446747064590454	1.5800811072127623	2.0
21.46039342880249	1.5800811072127623	2.0
21.47361135482788	1.5803774071697885	2.0
21.485974311828613	1.5803774071697885	2.0
21.49820065498352	1.5803774071697885	2.0
21.510350942611694	1.5803774071697885	2.0
21.524314880371094	1.5804128574240242	2.0
21.53666877746582	1.5804128574240242	2.0
21.550600051879883	1.5804128574240242	2.0
21.566412210464478	1.5803840639800744	2.0
21.578279495239258	1.5803840639800744	2.0
21.589879035949707	1.5803840639800744	2.0
21.603856563568115	1.5803840639800744	2.0
21.6196768283844	1.5806844901164379	2.0
21.632262468338013	1.5806844901164379	2.0
21.654602766036987	1.5806844901164379	2.0
21.666867971420288	1.580642549606523	2.0
21.68031620979309	1.580642549606523	2.0
21.696651697158813	1.580642549606523	2.0
21.709803581237793	1.5806814471478403	2.0
21.725059747695923	1.5806814471478403	2.0
21.741812229156494	1.5806814471478403	2.0
21.75466299057007	1.5807774902958687	2.0
21.76792049407959	1.5807774902958687	2.0
21.785497903823853	1.5807774902958687	2.0
21.802295446395874	1.5808748482307853	2.0
21.81694459915161	1.5808748482307853	2.0
21.830250024795532	1.5808748482307853	2.0
21.845115184783936	1.5811174535922354	2.0
21.86043930053711	1.5811174535922354	2.0
21.875784873962402	1.5811174535922354	2.0
21.893238067626953	1.581213782520455	2.0
21.904999017715454	1.581213782520455	2.0
21.91729474067688	1.581213782520455	2.0
21.932758808135986	1.581213782520455	2.0
21.947120904922485	1.5810956260958737	2.0
21.95965313911438	1.5810956260958737	2.0
21.978825569152832	1.5810956260958737	2.0
21.991586685180664	1.5811170671548351	2.0
22.004815816879272	1.5811170671548351	2.0
22.020160675048828	1.5811170671548351	2.0
22.03365421295166	1.581201667154835	2.0
22.047023057937622	1.581201667154835	2.0
22.062320470809937	1.581201667154835	2.0
22.078418254852295	1.5810366845335806	2.0
22.091161251068115	1.5810366845335806	2.0
22.10332202911377	1.5810366845335806	2.0
22.116959810256958	1.5810366845335806	2.0
22.12995743751526	1.5810601183428454	2.0
22.143606424331665	1.5810601183428454	2.0
22.169599294662476	1.5810273595845024	2.0
22.182043075561523	1.5810273595845024	2.0
22.194233417510986	1.5810273595845024	2.0
22.207148551940918	1.5810273595845024	2.0
22.220515489578247	1.5808616109184288	2.0
22.232290029525757	1.5808616109184288	2.0
22.245784044265747	1.5808616109184288	2.0
22.261555910110474	1.581144581627008	2.0
22.273309469223022	1.581144581627008	2.0
22.286962509155273	1.581144581627008	2.0
22.30221700668335	1.581144581627008	2.0
22.31677746772766	1.5812088495828092	2.0
22.329347848892212	1.5812088495828092	2.0
22.344252109527588	1.5812088495828092	2.0
22.357248544692993	1.5812324482278293	2.0
22.370457410812378	1.5812324482278293	2.0
22.386021375656128	1.5812324482278293	2.0
22.400027751922607	1.581208139828732	2.0
22.41305375099182	1.581208139828732	2.0
22.42663598060608	1.581208139828732	2.0
22.439974546432495	1.581208139828732	2.0
22.453178644180298	1.5812035191901277	2.0
22.46491241455078	1.5812035191901277	2.0
22.479641914367676	1.5812035191901277	2.0
22.49484610557556	1.581178875135858	2.0
22.506465196609497	1.581178875135858	2.0
22.518005847930908	1.581178875135858	2.0
22.53067660331726	1.581178875135858	2.0
22.541826248168945	1.5812885485350843	2.0
22.554497957229614	1.5812885485350843	2.0
22.56718921661377	1.5812885485350843	2.0
22.582186937332153	1.5813295063447352	2.0
22.59413194656372	1.5813295063447352	2.0
22.60602307319641	1.5813295063447352	2.0
22.620408296585083	1.5813295063447352	2.0
22.63413715362549	1.5815187949225835	2.0
22.647719383239746	1.5815187949225835	2.0
22.66132402420044	1.5815187949225835	2.0
22.67526412010193	1.5815767488219485	2.0
22.687997102737427	1.5815767488219485	2.0
22.703723430633545	1.5815767488219485	2.0
22.719629287719727	1.5815767488219485	2.0
22.733815908432007	1.5812491161187467	2.0
22.746628522872925	1.5812491161187467	2.0
22.760363340377808	1.5812491161187467	2.0
22.774664163589478	1.581176084350791	2.0
22.78866171836853	1.581176084350791	2.0
22.802913904190063	1.581176084350791	2.0
22.817317485809326	1.5814206942435076	2.0
22.832695484161377	1.5814206942435076	2.0
22.848264932632446	1.5814206942435076	2.0
22.86503839492798	1.581364285317673	2.0
22.87974739074707	1.581364285317673	2.0
22.894291162490845	1.581364285317673	2.0
22.909239768981934	1.5813779168415336	2.0
22.92322278022766	1.5813779168415336	2.0
22.9373562335968	1.5813779168415336	2.0
22.95165467262268	1.5814688644672321	2.0
22.964888095855713	1.5814688644672321	2.0
22.978607177734375	1.5814688644672321	2.0
22.99280309677124	1.5814688644672321	2.0
23.007702350616455	1.5812957975775999	2.0
23.02373480796814	1.5812957975775999	2.0
23.03874111175537	1.5812957975775999	2.0
23.053691148757935	1.5813474641783216	2.0
23.069042921066284	1.5813474641783216	2.0
23.084150552749634	1.5813474641783216	2.0
23.098145484924316	1.5812785385187176	2.0
23.111278772354126	1.5812785385187176	2.0
23.124458074569702	1.5812785385187176	2.0
23.136760234832764	1.581287090977734	2.0
23.149882793426514	1.581287090977734	2.0
23.16447401046753	1.581287090977734	2.0
23.181416034698486	1.5814918118506824	2.0
23.19396686553955	1.5814918118506824	2.0
23.20796537399292	1.5814918118506824	2.0
23.25752329826355	1.581630189949856	2.0
23.273104190826416	1.581630189949856	2.0
23.28751039505005	1.581630189949856	2.0
23.303888082504272	1.5814931218783432	2.0
23.3182590007782	1.5814931218783432	2.0
23.33558416366577	1.5814931218783432	2.0
23.349868059158325	1.5816455445719286	2.0
23.36442732810974	1.5816455445719286	2.0
23.380009651184082	1.5816455445719286	2.0
23.395877361297607	1.5816455445719286	2.0
23.412347316741943	1.5815085287325288	2.0
23.427317142486572	1.5815085287325288	2.0
23.441334009170532	1.5815085287325288	2.0
23.454957008361816	1.5814810230507108	2.0
23.479093313217163	1.5814810230507108	2.0
23.49404501914978	1.5815860716874093	2.0
23.506717443466187	1.5815860716874093	2.0
23.523496866226196	1.5815860716874093	2.0
23.53886342048645	1.5815860716874093	2.0
23.55320143699646	1.5817003352715404	2.0
23.56577467918396	1.5817003352715404	2.0
23.581440210342407	1.5817003352715404	2.0
23.595790147781372	1.5816091850604779	2.0
23.608514070510864	1.5816091850604779	2.0
23.623807191848755	1.5816091850604779	2.0
23.638328552246094	1.58171710278901	2.0
23.651251316070557	1.58171710278901	2.0
23.66248607635498	1.58171710278901	2.0
23.67671227455139	1.58171710278901	2.0
23.691501140594482	1.5816843433896384	2.0
23.70499300956726	1.5816843433896384	2.0
23.72000813484192	1.5816843433896384	2.0
23.732820987701416	1.5815045848556823	2.0
23.745340585708618	1.5815045848556823	2.0
23.75930905342102	1.5815045848556823	2.0
23.772514581680298	1.5812434723224196	2.0
23.786229372024536	1.5812434723224196	2.0
23.800596475601196	1.5812434723224196	2.0
23.813709020614624	1.5812434723224196	2.0
23.832828998565674	1.5810219783663757	2.0
23.85917854309082	1.5810219783663757	2.0
23.87515950202942	1.5810219783663757	2.0
23.890182733535767	1.5812385031526035	2.0
23.904852151870728	1.5812385031526035	2.0
23.919782638549805	1.5812385031526035	2.0
23.932361364364624	1.5812445116753306	2.0
23.946754217147827	1.5812445116753306	2.0
23.96109890937805	1.5812445116753306	2.0
23.974132537841797	1.5813825051143682	2.0
23.987468242645264	1.5813825051143682	2.0
24.003150939941406	1.5813825051143682	2.0
24.01765751838684	1.5813988334522429	2.0
24.031704664230347	1.5813988334522429	2.0
24.044926404953003	1.5813988334522429	2.0
24.06068253517151	1.5813988334522429	2.0
24.07453155517578	1.581519271806416	2.0
24.08891487121582	1.581519271806416	2.0
24.103472232818604	1.581519271806416	2.0
24.118237018585205	1.581289154077884	2.0
24.130208730697632	1.581289154077884	2.0
24.14368772506714	1.581289154077884	2.0
24.16076636314392	1.5812757192742195	2.0
24.17629861831665	1.5812757192742195	2.0
24.191380500793457	1.5812757192742195	2.0
24.20566487312317	1.5812996683903209	2.0
24.218032360076904	1.5812996683903209	2.0
24.23370671272278	1.5812996683903209	2.0
24.24808406829834	1.5812996683903209	2.0
24.26085591316223	1.581448828395042	2.0
24.273012399673462	1.581448828395042	2.0
24.287262678146362	1.581448828395042	2.0
24.300209999084473	1.5815409862704999	2.0
24.312992334365845	1.5815409862704999	2.0
24.327187299728394	1.5815409862704999	2.0
24.341134071350098	1.5813016726500444	2.0
24.35694646835327	1.5813016726500444	2.0
24.37149715423584	1.5813016726500444	2.0
24.38687491416931	1.5810272376662782	2.0
24.401209115982056	1.5810272376662782	2.0
24.414286136627197	1.5810272376662782	2.0
24.42912530899048	1.5810272376662782	2.0
24.443016290664673	1.5807659567003183	2.0
24.45728349685669	1.5807659567003183	2.0
24.470990419387817	1.5807659567003183	2.0
24.484719276428223	1.5804194312765896	2.0
24.49596619606018	1.5804194312765896	2.0
24.509373426437378	1.5804194312765896	2.0
24.523908853530884	1.5803468781899828	2.0
24.536521196365356	1.5803468781899828	2.0
24.549726009368896	1.5803468781899828	2.0
24.56435799598694	1.5803468781899828	2.0
24.576276540756226	1.5804131175667528	2.0
24.588964462280273	1.5804131175667528	2.0
24.603480577468872	1.5804131175667528	2.0
24.618207216262817	1.5801991308065513	2.0
24.631344318389893	1.5801991308065513	2.0
24.64635944366455	1.5801991308065513	2.0
24.65958023071289	1.5803435802816574	2.0
24.672213315963745	1.5803435802816574	2.0
24.686588764190674	1.5803435802816574	2.0
24.701577186584473	1.5803435802816574	2.0
24.716657638549805	1.580368569718277	2.0
24.730435132980347	1.580368569718277	2.0
24.74549889564514	1.580368569718277	2.0
24.760466814041138	1.580471139147924	2.0
24.774971961975098	1.580471139147924	2.0
24.790549278259277	1.580471139147924	2.0
24.806649208068848	1.5808313912366592	2.0
24.828542470932007	1.5808313912366592	2.0
24.843454360961914	1.5808313912366592	2.0
24.85742163658142	1.5808552910761455	2.0
24.87172508239746	1.5808552910761455	2.0
24.886971712112427	1.5808552910761455	2.0
24.90166163444519	1.5809765925943347	2.0
24.913708209991455	1.5809765925943347	2.0
24.927628993988037	1.5809765925943347	2.0
24.940566539764404	1.5811284232506218	2.0
24.954735279083252	1.5811284232506218	2.0
24.96913719177246	1.5811284232506218	2.0
24.98294758796692	1.5811284232506218	2.0
24.996561765670776	1.5811726591627135	2.0
25.011532306671143	1.5811726591627135	2.0
25.02769374847412	1.5811726591627135	2.0
25.04111385345459	1.5812369391765249	2.0
25.059548139572144	1.5812369391765249	2.0
25.074586391448975	1.5812369391765249	2.0
25.089611291885376	1.5814868143085967	2.0
25.102016925811768	1.5814868143085967	2.0
25.116122484207153	1.5814868143085967	2.0
25.13080406188965	1.5814179005477764	2.0
25.14365792274475	1.5814179005477764	2.0
25.15883445739746	1.5814179005477764	2.0
25.17409062385559	1.581413654749457	2.0
25.186371088027954	1.581413654749457	2.0
25.201399087905884	1.581413654749457	2.0
25.215583324432373	1.581413654749457	2.0
25.229257822036743	1.5814507877527937	2.0
25.2468478679657	1.5814507877527937	2.0
25.262689113616943	1.5812335843820071	2.0
25.27699303627014	1.5812335843820071	2.0
25.290984392166138	1.5812335843820071	2.0
25.30569314956665	1.5812335843820071	2.0
25.321555137634277	1.5813879831626507	2.0
25.33715844154358	1.5813879831626507	2.0
25.351218938827515	1.5813879831626507	2.0
25.36587953567505	1.5813337085781636	2.0
25.383410692214966	1.5813337085781636	2.0
25.39823842048645	1.5813337085781636	2.0
25.413346767425537	1.5815164541930629	2.0
25.426193475723267	1.5815164541930629	2.0
25.44093108177185	1.5815164541930629	2.0
25.455824375152588	1.5816160525310128	2.0
25.46917986869812	1.5816160525310128	2.0
25.48342752456665	1.5816160525310128	2.0
25.498006343841553	1.5815472044111494	2.0
25.509291887283325	1.5815472044111494	2.0
25.52492380142212	1.5815472044111494	2.0
25.53943109512329	1.5815472044111494	2.0
25.55388307571411	1.5816425096793405	2.0
25.568591117858887	1.5816425096793405	2.0
25.58478879928589	1.5816425096793405	2.0
25.597084283828735	1.5816722820442997	2.0
25.612792491912842	1.5816722820442997	2.0
25.6282958984375	1.5816722820442997	2.0
25.644333124160767	1.5817482321362477	2.0
25.659240007400513	1.5817482321362477	2.0
25.673765420913696	1.5817482321362477	2.0
25.687899589538574	1.5816805361135204	2.0
25.70214819908142	1.5816805361135204	2.0
25.716411590576172	1.5816805361135204	2.0
25.730865240097046	1.581796433223347	2.0
25.743263483047485	1.581796433223347	2.0
25.75752902030945	1.581796433223347	2.0
25.77162528038025	1.581796433223347	2.0
25.785306930541992	1.5819216397229527	2.0
25.796793937683105	1.5819216397229527	2.0
25.814709663391113	1.5819216397229527	2.0
25.829702377319336	1.5820893928221262	2.0
25.841732025146484	1.5820893928221262	2.0
25.856241464614868	1.5820893928221262	2.0
25.87092876434326	1.581898506779138	2.0
25.887481927871704	1.581898506779138	2.0
25.90247368812561	1.581898506779138	2.0
25.918241500854492	1.5818656448046102	2.0
25.93278980255127	1.5818656448046102	2.0
25.94888710975647	1.5818656448046102	2.0
25.962688446044922	1.5819428371702557	2.0
25.978074550628662	1.5819428371702557	2.0
25.99489402770996	1.5819428371702557	2.0
26.01021647453308	1.58174005563341	2.0
26.025558948516846	1.58174005563341	2.0
26.039462566375732	1.58174005563341	2.0
26.053951025009155	1.5818314416933597	2.0
26.06820034980774	1.5818314416933597	2.0
26.08290195465088	1.5818314416933597	2.0
26.09744429588318	1.5817848580893858	2.0
26.10960555076599	1.5817848580893858	2.0
26.121432304382324	1.5817848580893858	2.0
26.13652014732361	1.5817848580893858	2.0
26.15163826942444	1.5817522341638843	2.0
26.164091110229492	1.5817522341638843	2.0
26.179341554641724	1.5817522341638843	2.0
26.193211555480957	1.5816931331214734	2.0
26.204161882400513	1.5816931331214734	2.0
26.21811294555664	1.5816931331214734	2.0
26.23326802253723	1.5816931331214734	2.0
26.247628450393677	1.5815709812339804	2.0
26.261597394943237	1.5815709812339804	2.0
26.274904489517212	1.5815709812339804	2.0
26.28950548171997	1.581443029191145	2.0
26.304526805877686	1.581443029191145	2.0
26.319391012191772	1.581443029191145	2.0
26.335463285446167	1.5815373289643324	2.0
26.35250449180603	1.5815373289643324	2.0
26.36698269844055	1.5815373289643324	2.0
26.38360857963562	1.581438494795668	2.0
26.395353078842163	1.581438494795668	2.0
26.41022300720215	1.581438494795668	2.0
26.426079511642456	1.5814083775776426	2.0
