t_s	measured_width_mm	target_width_mm
0.001476287841796875	nan	2.0
0.04928326606750488	nan	2.0
0.06083822250366211	nan	2.0
0.07274436950683594	nan	2.0
0.0902562141418457	nan	2.0
0.10665130615234375	nan	2.0
0.11994600296020508	nan	2.0
0.1307828426361084	nan	2.0
0.1422586441040039	nan	2.0
0.15460944175720215	nan	2.0
0.1659085750579834	nan	2.0
0.17970824241638184	nan	2.0
0.1910414695739746	nan	2.0
0.20227599143981934	nan	2.0
0.21485471725463867	nan	2.0
0.22879362106323242	nan	2.0
0.23974967002868652	nan	2.0
0.25204014778137207	nan	2.0
0.26323604583740234	nan	2.0
0.2741057872772217	nan	2.0
0.28612756729125977	nan	2.0
0.29746413230895996	nan	2.0
0.3087139129638672	nan	2.0
0.31964612007141113	nan	2.0
0.3308727741241455	nan	2.0
0.34337663650512695	nan	2.0
0.35466814041137695	nan	2.0
0.36574268341064453	nan	2.0
0.3770942687988281	nan	2.0
0.3896636962890625	nan	2.0
0.4011869430541992	nan	2.0
0.4128563404083252	nan	2.0
0.42397618293762207	nan	2.0
0.43497157096862793	nan	2.0
0.44754528999328613	nan	2.0
0.4607081413269043	nan	2.0
0.4716606140136719	nan	2.0
0.4821655750274658	nan	2.0
0.4925258159637451	nan	2.0
0.5035185813903809	nan	2.0
0.5139837265014648	nan	2.0
0.5245227813720703	nan	2.0
0.5350496768951416	nan	2.0
0.5455727577209473	nan	2.0
0.556694507598877	nan	2.0
0.5672750473022461	nan	2.0
0.5778069496154785	nan	2.0
0.5883698463439941	nan	2.0
0.598806619644165	nan	2.0
0.6095800399780273	nan	2.0
0.6202332973480225	nan	2.0
0.6313652992248535	nan	2.0
0.6449816226959229	nan	2.0
0.657081127166748	nan	2.0
0.6680147647857666	nan	2.0
0.6793041229248047	nan	2.0
0.6924159526824951	nan	2.0
0.7032394409179688	nan	2.0
0.7166626453399658	nan	2.0
0.7312643527984619	nan	2.0
0.7445676326751709	nan	2.0
0.758059024810791	nan	2.0
0.7706089019775391	nan	2.0
0.781508207321167	nan	2.0
0.792635440826416	nan	2.0
0.8037881851196289	nan	2.0
0.8151214122772217	nan	2.0
0.826169490814209	nan	2.0
0.8375847339630127	nan	2.0
0.8492698669433594	nan	2.0
0.8611328601837158	nan	2.0
0.8731701374053955	nan	2.0
0.8847644329071045	nan	2.0
0.8960959911346436	nan	2.0
0.9075894355773926	nan	2.0
0.9184448719024658	nan	2.0
0.9289231300354004	nan	2.0
0.9395978450775146	nan	2.0
0.9500987529754639	nan	2.0
0.9611384868621826	nan	2.0
0.9717111587524414	nan	2.0
0.982581615447998	nan	2.0
0.9932966232299805	nan	2.0
1.0035700798034668	nan	2.0
1.0139591693878174	nan	2.0
1.0245115756988525	nan	2.0
1.0350899696350098	nan	2.0
1.0452804565429688	nan	2.0
1.0568475723266602	nan	2.0
1.0708413124084473	nan	2.0
1.0832500457763672	nan	2.0
1.0940124988555908	nan	2.0
1.1062006950378418	nan	2.0
1.1178057193756104	nan	2.0
1.1282217502593994	nan	2.0
1.1472480297088623	nan	2.0
1.1667404174804688	nan	2.0
1.1814870834350586	nan	2.0
1.196927547454834	nan	2.0
1.2116878032684326	nan	2.0
1.2301454544067383	nan	2.0
1.244269847869873	nan	2.0
1.2564842700958252	nan	2.0
1.2711894512176514	nan	2.0
1.2869172096252441	nan	2.0
1.3016026020050049	nan	2.0
1.3144736289978027	nan	2.0
1.3288326263427734	nan	2.0
1.3423879146575928	nan	2.0
1.3579647541046143	nan	2.0
1.3754866123199463	nan	2.0
1.390432357788086	nan	2.0
1.406165361404419	nan	2.0
1.4209442138671875	nan	2.0
1.435549259185791	nan	2.0
1.45112943649292	nan	2.0
1.4645426273345947	nan	2.0
1.4797337055206299	nan	2.0
1.495466947555542	nan	2.0
1.5102932453155518	nan	2.0
1.526306390762329	nan	2.0
1.542201280593872	nan	2.0
1.5573890209197998	nan	2.0
1.5715863704681396	nan	2.0
1.5882830619812012	nan	2.0
1.6044387817382812	nan	2.0
1.6203866004943848	nan	2.0
1.635282278060913	nan	2.0
1.6465420722961426	nan	2.0
1.6592082977294922	nan	2.0
1.6720013618469238	nan	2.0
1.6855311393737793	nan	2.0
1.699268102645874	nan	2.0
1.7107923030853271	nan	2.0
1.7253804206848145	nan	2.0
1.7401840686798096	nan	2.0
1.7539668083190918	1.5833601813933242	2.0
1.7665808200836182	1.5833601813933242	2.0
1.7797670364379883	1.5833601813933242	2.0
1.795379638671875	1.583265801401566	2.0
1.8081636428833008	1.583265801401566	2.0
1.8215041160583496	1.583265801401566	2.0
1.8367881774902344	1.583265801401566	2.0
1.848863124847412	1.5833689216598752	2.0
1.9853777885437012	1.5835769699809292	2.0
2.0036964416503906	1.583721591294602	2.0
2.0210752487182617	1.583721591294602	2.0
2.0406813621520996	1.583721591294602	2.0
2.0578460693359375	1.5837503543154354	2.0
2.0754141807556152	1.5837503543154354	2.0
2.0925252437591553	1.5837503543154354	2.0
2.106105327606201	1.5838055513846125	2.0
2.121180534362793	1.5838055513846125	2.0
2.1359024047851562	1.5838055513846125	2.0
2.149763345718384	1.58383049687391	2.0
2.1621508598327637	1.58383049687391	2.0
2.1742310523986816	1.58383049687391	2.0
2.188262462615967	1.58383049687391	2.0
2.201540470123291	1.583692502068287	2.0
2.214111328125	1.583692502068287	2.0
2.23105525970459	1.583692502068287	2.0
2.244493007659912	1.5838059259828365	2.0
2.256073236465454	1.5838059259828365	2.0
2.2694923877716064	1.5838059259828365	2.0
2.2829439640045166	1.5838074717843629	2.0
2.2952189445495605	1.5838074717843629	2.0
2.3068206310272217	1.5838074717843629	2.0
2.321526288986206	1.5838074717843629	2.0
2.3341166973114014	1.5836266009442654	2.0
2.345240354537964	1.5836266009442654	2.0
2.358828544616699	1.5836266009442654	2.0
2.372750997543335	1.5836789839570427	2.0
2.384516954421997	1.5836789839570427	2.0
2.397521495819092	1.5836789839570427	2.0
2.4091646671295166	1.5836789839570427	2.0
2.421576499938965	1.583718985737371	2.0
2.4317257404327393	1.583718985737371	2.0
2.4421067237854004	1.583718985737371	2.0
2.454591751098633	1.583718985737371	2.0
2.4665961265563965	1.5836594261120098	2.0
2.4781577587127686	1.5836594261120098	2.0
2.490804672241211	1.5836594261120098	2.0
2.50363826751709	1.5836594261120098	2.0
2.51531720161438	1.58345493488394	2.0
2.5270638465881348	1.58345493488394	2.0
2.538405656814575	1.58345493488394	2.0
2.549976348876953	1.58345493488394	2.0
2.5609967708587646	1.5833252101430069	2.0
2.5722594261169434	1.5833252101430069	2.0
2.584287405014038	1.5833252101430069	2.0
2.597330331802368	1.5833694212212208	2.0
2.609312057495117	1.5833694212212208	2.0
2.6201462745666504	1.5833694212212208	2.0
2.6307222843170166	1.5833694212212208	2.0
2.6428945064544678	1.5833694212212208	2.0
2.6558597087860107	1.5832553143413122	2.0
2.666872024536133	1.5832553143413122	2.0
2.6803719997406006	1.5832553143413122	2.0
2.692803144454956	1.5832301096780999	2.0
2.703134775161743	1.5832301096780999	2.0
2.7140450477600098	1.5832301096780999	2.0
2.726820707321167	1.5832301096780999	2.0
2.739949941635132	1.5832922190530998	2.0
2.753244161605835	1.5832922190530998	2.0
2.768644094467163	1.5832922190530998	2.0
2.7863821983337402	1.583309612702346	2.0
2.80019211769104	1.583309612702346	2.0
2.8137624263763428	1.583309612702346	2.0
2.831618070602417	1.583309612702346	2.0
2.846208095550537	1.5832288186360286	2.0
2.868281602859497	1.5832288186360286	2.0
2.8835480213165283	1.5831165537804714	2.0
2.8967714309692383	1.5831165537804714	2.0
2.913494110107422	1.5831165537804714	2.0
2.9300358295440674	1.5831378983421598	2.0
2.9409162998199463	1.5831378983421598	2.0
2.9579591751098633	1.5831378983421598	2.0
2.975048303604126	1.5832330362368967	2.0
2.991515874862671	1.5832330362368967	2.0
3.0051097869873047	1.5832330362368967	2.0
3.023479461669922	1.5832684826654684	2.0
3.038151741027832	1.5832684826654684	2.0
3.0530524253845215	1.5832684826654684	2.0
3.071129322052002	1.5832796731416585	2.0
3.0862512588500977	1.5832796731416585	2.0
3.1061203479766846	1.5832796731416585	2.0
3.12261962890625	1.5835127590791587	2.0
3.1372387409210205	1.5835127590791587	2.0
3.1590306758880615	1.5835127590791587	2.0
3.1758224964141846	1.5833578811264029	2.0
3.190112352371216	1.5833578811264029	2.0
3.2106716632843018	1.5833578811264029	2.0
3.225102424621582	1.5833647872954442	2.0
3.240506649017334	1.5833647872954442	2.0
3.26011061668396	1.5833445761003417	2.0
3.274967908859253	1.5833445761003417	2.0
3.2895336151123047	1.5833445761003417	2.0
3.305830955505371	1.5833445761003417	2.0
3.323429822921753	1.5834173141955799	2.0
3.344040632247925	1.5834173141955799	2.0
3.3605339527130127	1.5834866922261654	2.0
3.373415946960449	1.5834866922261654	2.0
3.388378143310547	1.5834866922261654	2.0
3.4064764976501465	1.5834541420769612	2.0
3.4220495223999023	1.5834541420769612	2.0
3.4379639625549316	1.5834541420769612	2.0
3.4541871547698975	1.5836063339519613	2.0
3.466916799545288	1.5836063339519613	2.0
3.4841270446777344	1.5836063339519613	2.0
3.4990804195404053	1.583723299658668	2.0
3.5145649909973145	1.583723299658668	2.0
3.5291972160339355	1.583723299658668	2.0
3.5453643798828125	1.5837239197114388	2.0
3.5575084686279297	1.5837239197114388	2.0
3.5721688270568848	1.5837239197114388	2.0
3.587456464767456	1.5836395447114389	2.0
3.6099190711975098	1.5836395447114389	2.0
3.6411008834838867	1.5837373512356234	2.0
3.6570098400115967	1.5837373512356234	2.0
3.6759490966796875	1.5837373512356234	2.0
3.7043073177337646	1.583698097596344	2.0
3.7177114486694336	1.583698097596344	2.0
3.742003917694092	1.583698097596344	2.0
3.7604684829711914	1.5837409311494484	2.0
3.7796802520751953	1.5837409311494484	2.0
3.7958264350891113	1.583562990767491	2.0
3.811530351638794	1.583562990767491	2.0
3.834584951400757	1.583562990767491	2.0
3.858116388320923	1.5833860015002812	2.0
3.8708293437957764	1.5833860015002812	2.0
3.8850016593933105	1.5833860015002812	2.0
3.9143552780151367	1.5833563353994857	2.0
3.9276299476623535	1.5833563353994857	2.0
3.9483394622802734	1.5833563353994857	2.0
3.9766225814819336	1.5832285125810892	2.0
3.993802785873413	1.5832285125810892	2.0
4.007503986358643	1.5832285125810892	2.0
4.033675670623779	1.5831495770083108	2.0
4.048643112182617	1.5831495770083108	2.0
4.068859815597534	1.5831495770083108	2.0
4.087413311004639	1.5831477069555404	2.0
4.104244709014893	1.5831477069555404	2.0
4.13178825378418	1.5831477069555404	2.0
4.151796817779541	1.5832182992330275	2.0
4.164448499679565	1.5832182992330275	2.0
4.1878578662872314	1.5832182992330275	2.0
4.2078588008880615	1.5832809364510725	2.0
4.226389408111572	1.5832809364510725	2.0
4.24169135093689	1.5832809364510725	2.0
4.255491495132446	1.5832896954887192	2.0
4.276015520095825	1.5832896954887192	2.0
4.302010536193848	1.5833209930644392	2.0
4.31671404838562	1.5833209930644392	2.0
4.33381462097168	1.5833209930644392	2.0
4.3536460399627686	1.5834660854127243	2.0
4.369109630584717	1.5834660854127243	2.0
4.390132665634155	1.5834660854127243	2.0
4.401910066604614	1.5834135530462148	2.0
4.414759874343872	1.5834135530462148	2.0
4.430746555328369	1.5834135530462148	2.0
4.445075750350952	1.5833458730462149	2.0
4.458026170730591	1.5833458730462149	2.0
4.471143484115601	1.5833458730462149	2.0
4.485074520111084	1.583508671204465	2.0
4.4988954067230225	1.583508671204465	2.0
4.51488184928894	1.583508671204465	2.0
4.527551889419556	1.583508671204465	2.0
4.539404630661011	1.583417640508107	2.0
5.047677040100098	1.5831901631981935	2.0
5.065862655639648	1.5831208249705782	2.0
5.078612804412842	1.5831208249705782	2.0
5.092862129211426	1.5831208249705782	2.0
5.107280254364014	1.5831208249705782	2.0
5.124344348907471	1.5832633645484147	2.0
5.1372480392456055	1.5832633645484147	2.0
5.152012825012207	1.5832633645484147	2.0
5.165697336196899	1.5833965098887286	2.0
5.177390813827515	1.5833965098887286	2.0
5.191486835479736	1.5833965098887286	2.0
5.205124139785767	1.5835147139995787	2.0
5.218237638473511	1.5835147139995787	2.0
5.229262828826904	1.5835147139995787	2.0
5.241125822067261	1.5835147139995787	2.0
5.252494812011719	1.5835096571617027	2.0
5.264079570770264	1.5835096571617027	2.0
5.275223255157471	1.5835096571617027	2.0
5.288954973220825	1.5835096571617027	2.0
5.30102801322937	1.5835018301958432	2.0
5.312463998794556	1.5835018301958432	2.0
5.3234336376190186	1.5835018301958432	2.0
5.336385250091553	1.5835018301958432	2.0
5.350794553756714	1.5834912862944288	2.0
5.363875865936279	1.5834912862944288	2.0
5.377756118774414	1.5834912862944288	2.0
5.3931920528411865	1.5835352491871453	2.0
5.404041051864624	1.5835352491871453	2.0
5.415799617767334	1.5835352491871453	2.0
5.428880929946899	1.5835352491871453	2.0
5.442060708999634	1.5834697122148806	2.0
5.453474760055542	1.5834697122148806	2.0
5.4661126136779785	1.5834697122148806	2.0
5.481107711791992	1.5834697122148806	2.0
5.493638038635254	1.5835307218302654	2.0
5.505700588226318	1.5835307218302654	2.0
5.519642114639282	1.5835307218302654	2.0
5.532569646835327	1.5835307218302654	2.0
5.542979955673218	1.5835186991406673	2.0
5.554881811141968	1.5835186991406673	2.0
5.568598508834839	1.5835186991406673	2.0
5.582668304443359	1.5835293912701478	2.0
5.594340085983276	1.5835293912701478	2.0
5.604311466217041	1.5835293912701478	2.0
5.6155431270599365	1.5835293912701478	2.0
5.6291186809539795	1.5834720713770998	2.0
5.640554666519165	1.5834720713770998	2.0
5.652492046356201	1.5834720713770998	2.0
5.6680731773376465	1.5834720713770998	2.0
5.6821630001068115	1.5835427828506656	2.0
5.693204164505005	1.5835427828506656	2.0
5.70422625541687	1.5835427828506656	2.0
5.717281818389893	1.5835427828506656	2.0
5.730638027191162	1.5836592494293815	2.0
5.742048263549805	1.5836592494293815	2.0
5.7551445960998535	1.5836592494293815	2.0
5.7688376903533936	1.5835814387944347	2.0
5.780344247817993	1.5835814387944347	2.0
5.792659759521484	1.5835814387944347	2.0
5.806550025939941	1.5835814387944347	2.0
5.81836724281311	1.5835156874990979	2.0
5.8295228481292725	1.5835156874990979	2.0
5.8424413204193115	1.5835156874990979	2.0
5.853897333145142	1.5835156874990979	2.0
5.8643434047698975	1.5833945580390139	2.0
5.875067710876465	1.5833945580390139	2.0
5.887277603149414	1.5833945580390139	2.0
5.899269342422485	1.5833945580390139	2.0
5.9104344844818115	1.5834930878800946	2.0
5.921560287475586	1.5834930878800946	2.0
5.933179140090942	1.5834930878800946	2.0
5.944437026977539	1.5834930878800946	2.0
5.955316781997681	1.5835212128800944	2.0
5.965807914733887	1.5835212128800944	2.0
5.980597019195557	1.5835212128800944	2.0
5.995075702667236	1.5836124176169366	2.0
6.006921052932739	1.5836124176169366	2.0
6.018458604812622	1.5836124176169366	2.0
6.032079458236694	1.5836124176169366	2.0
6.045331716537476	1.5837176059096196	2.0
6.056832551956177	1.5837176059096196	2.0
6.06877589225769	1.5837176059096196	2.0
6.0830066204071045	1.5837176059096196	2.0
6.0942604541778564	1.5837995896121915	2.0
6.105098247528076	1.5837995896121915	2.0
6.118468523025513	1.5837995896121915	2.0
6.132977247238159	1.5836820896121915	2.0
6.144959211349487	1.5836820896121915	2.0
6.159416913986206	1.5836820896121915	2.0
6.175459861755371	1.5836820896121915	2.0
6.191218137741089	1.5836820896121915	2.0
6.209677219390869	1.5836820896121915	2.0
6.223506212234497	1.5836820896121915	2.0
6.238494634628296	1.5836820896121915	2.0
6.256198167800903	1.5836820896121915	2.0
6.273431062698364	1.5836820896121915	2.0
6.289379835128784	1.5836820896121915	2.0
6.301806449890137	1.5836820896121915	2.0
6.315781593322754	1.5836820896121915	2.0
6.332650423049927	1.5836820896121915	2.0
6.349281549453735	1.5836820896121915	2.0
6.368305206298828	1.5836820896121915	2.0
6.381560325622559	1.5836820896121915	2.0
6.394512176513672	1.5836820896121915	2.0
6.410511016845703	1.5836820896121915	2.0
6.425784349441528	1.5836820896121915	2.0
6.442013502120972	1.5836820896121915	2.0
6.456071853637695	1.5836820896121915	2.0
6.469019889831543	1.5836820896121915	2.0
6.485205411911011	1.5836820896121915	2.0
6.498898506164551	1.5836820896121915	2.0
6.512745380401611	1.5836820896121915	2.0
6.530829668045044	1.5836820896121915	2.0
6.544721603393555	1.5835833483841213	2.0
6.56007194519043	1.5835833483841213	2.0
6.576129913330078	1.5835833483841213	2.0
6.591334819793701	1.5836898327591213	2.0
6.607867956161499	1.5836898327591213	2.0
6.627603054046631	1.5836350400130075	2.0
6.643204689025879	1.5836350400130075	2.0
6.662013053894043	1.5836350400130075	2.0
6.6792073249816895	1.5834376950061009	2.0
6.704867601394653	1.5834376950061009	2.0
6.721797227859497	1.5833502095514433	2.0
6.737149477005005	1.5833502095514433	2.0
6.756307601928711	1.5832859069198641	2.0
6.772218227386475	1.5832859069198641	2.0
6.787724494934082	1.5832859069198641	2.0
6.805564880371094	1.5831974487475402	2.0
6.8194262981414795	1.5831974487475402	2.0
6.838357925415039	1.5831974487475402	2.0
6.854208469390869	1.583027316149115	2.0
6.865607023239136	1.583027316149115	2.0
6.878086090087891	1.583027316149115	2.0
6.893387794494629	1.583034266023802	2.0
6.906373023986816	1.583034266023802	2.0
6.919376850128174	1.583034266023802	2.0
6.934677839279175	1.5831063956183453	2.0
6.9487504959106445	1.5831063956183453	2.0
6.963369131088257	1.5831063956183453	2.0
6.978753328323364	1.5831063956183453	2.0
6.992060899734497	1.5832829507279365	2.0
7.008175611495972	1.5832829507279365	2.0
7.023877143859863	1.5832829507279365	2.0
7.038829326629639	1.5833478434893302	2.0
7.0542707443237305	1.5833478434893302	2.0
7.06959342956543	1.5833478434893302	2.0
7.086839914321899	1.5835176864683986	2.0
7.102258682250977	1.5835176864683986	2.0
7.118728399276733	1.5836820825294076	2.0
7.136366128921509	1.5836820825294076	2.0
7.1515281200408936	1.5836820825294076	2.0
7.169491767883301	1.5836961429949725	2.0
7.184873580932617	1.5836961429949725	2.0
7.202889919281006	1.5836961429949725	2.0
7.220287561416626	1.583647886726028	2.0
7.233050107955933	1.583647886726028	2.0
7.24999213218689	1.583647886726028	2.0
7.265878438949585	1.5836442149775074	2.0
7.296746253967285	1.5836442149775074	2.0
7.3120481967926025	1.5838016081689243	2.0
7.327151775360107	1.5838016081689243	2.0
7.345651149749756	1.5838734788118907	2.0
7.36231803894043	1.5838734788118907	2.0
7.382450580596924	1.5838734788118907	2.0
7.403973817825317	1.58384394899355	2.0
7.4224371910095215	1.58384394899355	2.0
7.445476293563843	1.583832176778696	2.0
7.461808681488037	1.583832176778696	2.0
7.475640773773193	1.583832176778696	2.0
7.494218826293945	1.5836923739915947	2.0
7.50935173034668	1.5836923739915947	2.0
7.536134243011475	1.5836385762811385	2.0
7.550628185272217	1.5836385762811385	2.0
7.566344738006592	1.5836385762811385	2.0
7.583573818206787	1.5836489628331483	2.0
7.601630926132202	1.5836489628331483	2.0
7.627998113632202	1.583562260951647	2.0
7.641902685165405	1.583562260951647	2.0
7.658603668212891	1.583562260951647	2.0
7.6762168407440186	1.5836984508045515	2.0
7.689056634902954	1.5836984508045515	2.0
7.721703767776489	1.582504443802319	2.0
7.7363855838775635	1.582504443802319	2.0
7.758615255355835	1.5824303332901895	2.0
7.772397041320801	1.5824303332901895	2.0
7.788057088851929	1.5824303332901895	2.0
7.8091349601745605	1.5821826303242692	2.0
7.8237011432647705	1.5821826303242692	2.0
7.8366827964782715	1.5821826303242692	2.0
7.851077079772949	1.5821959829290186	2.0
7.865816354751587	1.5821959829290186	2.0
7.879552125930786	1.5821959829290186	2.0
7.896889686584473	1.5822063416952528	2.0
7.910228252410889	1.5822063416952528	2.0
7.924226522445679	1.5822063416952528	2.0
7.939517021179199	1.5821710574204413	2.0
7.952664375305176	1.5821710574204413	2.0
7.9674177169799805	1.5821710574204413	2.0
7.985306024551392	1.582153552351701	2.0
7.9965736865997314	1.582153552351701	2.0
8.009567975997925	1.582153552351701	2.0
8.026525497436523	1.5820130626683022	2.0
8.042304515838623	1.5820130626683022	2.0
8.057074069976807	1.5820130626683022	2.0
8.07326865196228	1.5820732682790537	2.0
8.089141368865967	1.5820732682790537	2.0
8.103893518447876	1.5820732682790537	2.0
8.119015455245972	1.581909766192652	2.0
8.135827541351318	1.581909766192652	2.0
8.151589632034302	1.581909766192652	2.0
8.165181398391724	1.583088001010466	2.0
8.179497241973877	1.583088001010466	2.0
8.195262908935547	1.583088001010466	2.0
8.210859060287476	1.5829991671500756	2.0
8.225252389907837	1.5829991671500756	2.0
8.238227367401123	1.5829991671500756	2.0
8.253286361694336	1.5832200809069295	2.0
8.268533945083618	1.5832200809069295	2.0
8.281593322753906	1.5832200809069295	2.0
8.297571420669556	1.5832200809069295	2.0
8.311241388320923	1.5832547713831198	2.0
8.32457709312439	1.5832547713831198	2.0
8.34071135520935	1.5832547713831198	2.0
8.356658220291138	1.5832046860543862	2.0
8.372848749160767	1.5832046860543862	2.0
8.389437913894653	1.5832046860543862	2.0
8.403310537338257	1.5832320824274433	2.0
8.417204856872559	1.5832320824274433	2.0
8.43289589881897	1.5832320824274433	2.0
8.446356058120728	1.5831911103764915	2.0
8.460507869720459	1.5831911103764915	2.0
8.477416753768921	1.5831911103764915	2.0
8.493075609207153	1.5833365330464264	2.0
8.508160591125488	1.5833365330464264	2.0
8.524545192718506	1.5833365330464264	2.0
8.541717767715454	1.5831391255095748	2.0
8.557309627532959	1.5831391255095748	2.0
8.574169397354126	1.5831391255095748	2.0
8.590885877609253	1.5832460648254136	2.0
8.607057571411133	1.5832460648254136	2.0
8.622579097747803	1.5832460648254136	2.0
8.640200138092041	1.5832460648254136	2.0
8.668673992156982	1.5832436897070266	2.0
8.696112871170044	1.5832436897070266	2.0
8.722617626190186	1.5832436897070266	2.0
8.749481201171875	1.5832509534865538	2.0
8.786025524139404	1.5832509534865538	2.0
8.804210186004639	1.5832509534865538	2.0
8.821863651275635	1.5830768455979953	2.0
8.839012622833252	1.5830768455979953	2.0
8.856678247451782	1.5830768455979953	2.0
8.87548303604126	1.5828719207275288	2.0
8.892689228057861	1.5828719207275288	2.0
8.90851092338562	1.5828719207275288	2.0
8.925305366516113	1.582793962890551	2.0
8.940856695175171	1.582793962890551	2.0
8.968234300613403	1.582886160818012	2.0
8.99013638496399	1.582886160818012	2.0
9.009153127670288	1.582886160818012	2.0
9.024212121963501	1.582986558990336	2.0
9.038184404373169	1.582986558990336	2.0
9.05314016342163	1.582986558990336	2.0
9.068443059921265	1.582887007582747	2.0
9.083679914474487	1.582887007582747	2.0
9.099096298217773	1.582887007582747	2.0
9.11379599571228	1.583050319180933	2.0
9.130170345306396	1.583050319180933	2.0
9.148069381713867	1.583050319180933	2.0
9.161149263381958	1.582984397103011	2.0
9.174776077270508	1.582984397103011	2.0
9.190194368362427	1.582984397103011	2.0
9.203491687774658	1.5830862515298278	2.0
9.217692375183105	1.5830862515298278	2.0
9.23087453842163	1.5830862515298278	2.0
9.244041681289673	1.5830862515298278	2.0
9.256549596786499	1.5830829863583236	2.0
9.270647764205933	1.5830829863583236	2.0
9.284703731536865	1.5830829863583236	2.0
9.297844886779785	1.5832936641287723	2.0
9.313019037246704	1.5832936641287723	2.0
9.32691216468811	1.5832936641287723	2.0
9.341290473937988	1.583489201270779	2.0
9.354946851730347	1.583489201270779	2.0
9.368146419525146	1.583489201270779	2.0
9.38041353225708	1.583489201270779	2.0
9.394647121429443	1.583531155407099	2.0
9.408989906311035	1.583531155407099	2.0
9.423843383789062	1.583531155407099	2.0
9.437882661819458	1.583474001396404	2.0
9.44979214668274	1.583474001396404	2.0
9.462754726409912	1.583474001396404	2.0
9.475326538085938	1.5834480581246362	2.0
9.488643407821655	1.5834480581246362	2.0
9.50096583366394	1.5834480581246362	2.0
9.514408349990845	1.5834480581246362	2.0
9.527556657791138	1.5834774363123736	2.0
9.538931608200073	1.5834774363123736	2.0
9.550747394561768	1.5834774363123736	2.0
9.564387798309326	1.5834774363123736	2.0
9.577330112457275	1.5834118261532548	2.0
9.59095048904419	1.5834118261532548	2.0
9.604108333587646	1.5834118261532548	2.0
9.617767095565796	1.583467906302657	2.0
9.631755113601685	1.583467906302657	2.0
9.645209074020386	1.583467906302657	2.0
9.659266710281372	1.583467906302657	2.0
9.673117876052856	1.5833116530045037	2.0
9.68667197227478	1.5833116530045037	2.0
9.69961142539978	1.5833116530045037	2.0
9.713375568389893	1.5832439025510077	2.0
9.727921724319458	1.5832439025510077	2.0
9.744895696640015	1.5832439025510077	2.0
9.761380195617676	1.5832439025510077	2.0
9.775879383087158	1.5832439025510077	2.0
9.792478799819946	1.5832439025510077	2.0
9.807741641998291	1.5832439025510077	2.0
9.82294511795044	1.5832439025510077	2.0
9.839523553848267	1.5832439025510077	2.0
9.851261854171753	1.5832439025510077	2.0
9.863481521606445	1.5832439025510077	2.0
9.877898931503296	1.5832439025510077	2.0
9.892788410186768	1.5832439025510077	2.0
9.906109809875488	1.5832439025510077	2.0
9.921899557113647	1.5832439025510077	2.0
9.933321237564087	1.5832439025510077	2.0
9.945247650146484	1.5832439025510077	2.0
9.9608473777771	1.5832439025510077	2.0
9.972423315048218	1.5832439025510077	2.0
9.984693765640259	1.5832439025510077	2.0
9.99896240234375	1.5832439025510077	2.0
10.015632629394531	1.5832439025510077	2.0
10.033440589904785	1.5832439025510077	2.0
10.051229238510132	1.5832439025510077	2.0
10.064198970794678	1.5832439025510077	2.0
10.077795267105103	1.5832439025510077	2.0
10.095884561538696	1.5832439025510077	2.0
10.11253833770752	1.5832439025510077	2.0
10.130549669265747	1.5832439025510077	2.0
10.144022226333618	1.5832439025510077	2.0
10.15699315071106	1.5832439025510077	2.0
10.170737266540527	1.5832439025510077	2.0
10.18463659286499	1.5832439025510077	2.0
10.20110011100769	1.5832439025510077	2.0
10.216062307357788	1.5832439025510077	2.0
10.228182077407837	1.5832439025510077	2.0
10.241795301437378	1.5832439025510077	2.0
10.256145715713501	1.5832439025510077	2.0
10.270693302154541	1.5832439025510077	2.0
10.286283493041992	1.5832439025510077	2.0
10.299495935440063	1.5832439025510077	2.0
10.313827753067017	1.5832439025510077	2.0
10.329440593719482	1.5832439025510077	2.0
10.343552589416504	1.5832439025510077	2.0
10.358269929885864	1.5832439025510077	2.0
10.372329950332642	1.5832439025510077	2.0
10.387482404708862	1.5832439025510077	2.0
10.403259992599487	1.5832439025510077	2.0
10.419907093048096	1.5832439025510077	2.0
10.436551094055176	1.5832439025510077	2.0
10.452941417694092	1.5832439025510077	2.0
10.46627688407898	1.5832439025510077	2.0
10.481486797332764	1.5832439025510077	2.0
10.498507022857666	1.5832439025510077	2.0
10.515973091125488	1.5832439025510077	2.0
10.535128593444824	1.5832439025510077	2.0
10.547870635986328	1.5832439025510077	2.0
10.561967849731445	1.5832439025510077	2.0
10.578967809677124	1.5832439025510077	2.0
10.594502925872803	1.5832439025510077	2.0
10.61245846748352	1.5832439025510077	2.0
10.624865770339966	1.5832439025510077	2.0
10.638980627059937	1.5832439025510077	2.0
10.656526327133179	1.5832439025510077	2.0
10.67126178741455	1.5832439025510077	2.0
10.687389612197876	1.5832439025510077	2.0
10.700445652008057	1.5832439025510077	2.0
10.71380615234375	1.5832439025510077	2.0
10.730376482009888	1.5832439025510077	2.0
10.743758201599121	1.5832439025510077	2.0
10.756765842437744	1.5832439025510077	2.0
10.771830320358276	1.5832439025510077	2.0
10.78707504272461	1.5832439025510077	2.0
10.802884817123413	1.5832439025510077	2.0
10.818835258483887	1.5832439025510077	2.0
10.83042311668396	1.5832439025510077	2.0
10.843048095703125	1.5832439025510077	2.0
10.86150050163269	1.5832439025510077	2.0
10.876431226730347	1.5832439025510077	2.0
10.894277572631836	1.5832439025510077	2.0
10.90675663948059	1.5832439025510077	2.0
10.919786214828491	1.5832439025510077	2.0
10.93700122833252	1.5832439025510077	2.0
10.9512619972229	1.5832439025510077	2.0
10.9657621383667	1.5832439025510077	2.0
10.979729890823364	1.5832439025510077	2.0
10.992846965789795	1.5832439025510077	2.0
11.006900310516357	1.5832439025510077	2.0
11.023474931716919	1.5832439025510077	2.0
11.036101579666138	1.5832439025510077	2.0
11.050560474395752	1.5832439025510077	2.0
11.063319206237793	1.5832439025510077	2.0
11.075516939163208	1.5832439025510077	2.0
11.090616941452026	1.5832439025510077	2.0
11.106533288955688	1.5832439025510077	2.0
11.122437238693237	1.5832439025510077	2.0
11.137911319732666	1.5832439025510077	2.0
11.151777029037476	1.5832439025510077	2.0
11.165720224380493	1.5832439025510077	2.0
11.182638168334961	1.5832439025510077	2.0
11.197858810424805	1.5832439025510077	2.0
11.2140531539917	1.5832439025510077	2.0
11.226306200027466	1.5832439025510077	2.0
11.238396406173706	1.5832439025510077	2.0
11.25345516204834	1.5832439025510077	2.0
11.266534328460693	1.5832439025510077	2.0
11.281169414520264	1.5832439025510077	2.0
11.299867868423462	1.5832439025510077	2.0
11.311140060424805	1.5832439025510077	2.0
11.323182344436646	1.5832439025510077	2.0
11.33711051940918	1.5832439025510077	2.0
11.351137638092041	1.5832439025510077	2.0
11.36686372756958	1.5832439025510077	2.0
11.382471323013306	1.5832439025510077	2.0
11.39552354812622	1.5832439025510077	2.0
11.408788681030273	1.5832439025510077	2.0
11.432072162628174	1.5832439025510077	2.0
11.443784236907959	1.5832439025510077	2.0
11.45792841911316	1.5832439025510077	2.0
11.473073959350586	1.5832439025510077	2.0
11.486265897750854	1.5832439025510077	2.0
11.501468420028687	1.5832439025510077	2.0
11.520525217056274	1.5832439025510077	2.0
11.532882452011108	1.5831765632652934	2.0
11.54694390296936	1.5831765632652934	2.0
11.56877326965332	1.5831064986128005	2.0
11.583384275436401	1.5831064986128005	2.0
11.596967458724976	1.5831064986128005	2.0
11.61232590675354	1.5829673538759583	2.0
11.626582622528076	1.5829673538759583	2.0
11.640911102294922	1.5829673538759583	2.0
11.658857583999634	1.5828872124442943	2.0
11.671612739562988	1.5828872124442943	2.0
11.683976411819458	1.5828872124442943	2.0
11.702630758285522	1.582817682743089	2.0
11.715811252593994	1.582817682743089	2.0
11.730554819107056	1.582817682743089	2.0
11.755034923553467	1.5828163418477805	2.0
11.766403198242188	1.5828163418477805	2.0
11.779691696166992	1.5828163418477805	2.0
11.7942373752594	1.5828666646384784	2.0
11.806488037109375	1.5828666646384784	2.0
11.821507692337036	1.5828666646384784	2.0
11.83516263961792	1.58292572838518	2.0
11.8466157913208	1.58292572838518	2.0
11.860401391983032	1.58292572838518	2.0
11.874930143356323	1.58292572838518	2.0
11.889843702316284	1.583209219480167	2.0
11.904278993606567	1.583209219480167	2.0
11.918742179870605	1.583209219480167	2.0
11.931336641311646	1.583164477732513	2.0
11.944615364074707	1.583164477732513	2.0
11.959477424621582	1.583164477732513	2.0
11.974360942840576	1.5829933711626123	2.0
11.987432479858398	1.5829933711626123	2.0
11.998964309692383	1.5829933711626123	2.0
12.011059999465942	1.5829345991341157	2.0
12.025292873382568	1.5829345991341157	2.0
12.038440227508545	1.5829345991341157	2.0
12.052364349365234	1.5830013290806397	2.0
12.06636905670166	1.5830013290806397	2.0
12.078881025314331	1.5830013290806397	2.0
12.093644857406616	1.5830013290806397	2.0
12.108179569244385	1.5830264889209047	2.0
12.124322414398193	1.5830264889209047	2.0
12.150804042816162	1.5831941856507838	2.0
12.163059949874878	1.5831941856507838	2.0
12.182724952697754	1.5831941856507838	2.0
12.200310468673706	1.5832199459892247	2.0
12.211904048919678	1.5832199459892247	2.0
12.234593868255615	1.5831964811763906	2.0
12.250314474105835	1.5831964811763906	2.0
12.266685724258423	1.5831964811763906	2.0
12.288444519042969	1.5830264022153515	2.0
12.300732135772705	1.5830264022153515	2.0
12.329591512680054	1.5827517785242518	2.0
12.342637300491333	1.5827517785242518	2.0
12.36975908279419	1.5828483516863798	2.0
12.384649515151978	1.5828483516863798	2.0
12.408097505569458	1.5828483516863798	2.0
12.424479484558105	1.5829151830960844	2.0
12.436880111694336	1.5829151830960844	2.0
12.448359966278076	1.5829151830960844	2.0
12.46242356300354	1.5828330488667899	2.0
12.476838111877441	1.5828330488667899	2.0
12.494808912277222	1.5828330488667899	2.0
12.512586832046509	1.5828177648662116	2.0
12.524762868881226	1.5828177648662116	2.0
12.537024021148682	1.5828177648662116	2.0
12.552495002746582	1.5829050399419902	2.0
12.566636085510254	1.5829050399419902	2.0
12.585838556289673	1.5829050399419902	2.0
12.602965593338013	1.5828051942338646	2.0
12.619455337524414	1.5828051942338646	2.0
12.639016151428223	1.5827615883124797	2.0
12.654067277908325	1.5827615883124797	2.0
12.672575235366821	1.5827615883124797	2.0
12.68757939338684	1.5827383216967426	2.0
12.699306011199951	1.5827383216967426	2.0
12.724801063537598	1.582774925644519	2.0
12.739874124526978	1.582774925644519	2.0
12.7591233253479	1.582774925644519	2.0
12.77734661102295	1.5827357578899952	2.0
12.79164171218872	1.5827357578899952	2.0
12.813151121139526	1.5827676801957595	2.0
12.827162742614746	1.5827676801957595	2.0
12.840618133544922	1.5827676801957595	2.0
12.857001781463623	1.5827139846022997	2.0
12.871016025543213	1.5827139846022997	2.0
12.886805057525635	1.5827139846022997	2.0
12.907618284225464	1.5828682841859252	2.0
12.921447992324829	1.5828682841859252	2.0
12.93504548072815	1.5828682841859252	2.0
12.950742959976196	1.5828882683191348	2.0
12.964722633361816	1.5828882683191348	2.0
12.978114128112793	1.5828882683191348	2.0
12.994236946105957	1.5827769525296609	2.0
13.008541822433472	1.5827769525296609	2.0
13.031545400619507	1.5827769525296609	2.0
13.044592142105103	1.5826939792427852	2.0
13.059272050857544	1.5826939792427852	2.0
13.079221725463867	1.5826609291038045	2.0
13.093709468841553	1.5826609291038045	2.0
13.123460054397583	1.5826016255323758	2.0
13.138384342193604	1.5826016255323758	2.0
13.162091732025146	1.5826016255323758	2.0
13.180305004119873	1.5825581436555578	2.0
13.19486403465271	1.5825581436555578	2.0
13.219434976577759	1.5826030242921627	2.0
13.23267650604248	1.5826030242921627	2.0
13.26373815536499	1.5825192705719247	2.0
13.277472257614136	1.5825192705719247	2.0
13.299152374267578	1.5825192705719247	2.0
13.311989068984985	1.5825344101567493	2.0
13.327165365219116	1.5825344101567493	2.0
13.349612474441528	1.582450192896078	2.0
13.364827394485474	1.582450192896078	2.0
13.379437685012817	1.582450192896078	2.0
13.398528099060059	1.582414667326206	2.0
13.41334056854248	1.582414667326206	2.0
13.435312032699585	1.582414667326206	2.0
13.44983983039856	1.5824305589234968	2.0
13.465144634246826	1.5824305589234968	2.0
13.48356008529663	1.5824183889096026	2.0
13.500393390655518	1.5824183889096026	2.0
13.529469728469849	1.5824116725542816	2.0
13.54592752456665	1.5824116725542816	2.0
13.577378988265991	1.582489374325935	2.0
13.592499732971191	1.582489374325935	2.0
13.6139497756958	1.582489374325935	2.0
13.633846044540405	1.582595338835063	2.0
13.64834475517273	1.582595338835063	2.0
13.671110391616821	1.5826332467371051	2.0
13.687780618667603	1.5826332467371051	2.0
13.70499849319458	1.5826332467371051	2.0
13.72228217124939	1.5826534901107963	2.0
13.735664129257202	1.5826534901107963	2.0
13.749441862106323	1.5826534901107963	2.0
13.766915321350098	1.5825983381969204	2.0
13.78157114982605	1.5825983381969204	2.0
13.801175832748413	1.5825983381969204	2.0
13.816429138183594	1.582659533117361	2.0
13.83005976676941	1.582659533117361	2.0
13.847297191619873	1.582659533117361	2.0
13.862571954727173	1.5827138686080775	2.0
13.879263639450073	1.5827138686080775	2.0
13.89618444442749	1.5827137638806659	2.0
13.90946364402771	1.5827137638806659	2.0
13.93246054649353	1.5827137638806659	2.0
13.953721046447754	1.5827994249110193	2.0
13.970211029052734	1.5827994249110193	2.0
13.987964391708374	1.5827173723354506	2.0
14.00259256362915	1.5827173723354506	2.0
14.028140783309937	1.5827173723354506	2.0
14.042866468429565	1.5826472672132819	2.0
14.057165622711182	1.5826472672132819	2.0
14.071583271026611	1.5826472672132819	2.0
14.08534836769104	1.5825980051170225	2.0
14.098383903503418	1.5825980051170225	2.0
14.122359275817871	1.5827464140266376	2.0
14.137369394302368	1.5827464140266376	2.0
14.152849912643433	1.5827464140266376	2.0
14.169139862060547	1.5827939211064423	2.0
14.182171821594238	1.5827939211064423	2.0
14.214156150817871	1.582901419521984	2.0
14.226667642593384	1.582901419521984	2.0
14.243266820907593	1.582901419521984	2.0
14.261187314987183	1.5829334294887616	2.0
14.276352882385254	1.5829334294887616	2.0
14.296153783798218	1.5829334294887616	2.0
14.310305833816528	1.583036176226162	2.0
14.324996709823608	1.583036176226162	2.0
14.347500562667847	1.5830393497380064	2.0
14.362864017486572	1.5830393497380064	2.0
14.377678394317627	1.5830393497380064	2.0
14.393693208694458	1.5830737926693197	2.0
14.408353567123413	1.5830737926693197	2.0
14.425992965698242	1.5830737926693197	2.0
14.445126056671143	1.5832711302811826	2.0
14.459704399108887	1.5832711302811826	2.0
14.476784229278564	1.5832711302811826	2.0
14.493614196777344	1.5833768542550402	2.0
14.50823187828064	1.5833768542550402	2.0
14.52699065208435	1.5834484065700898	2.0
14.541813611984253	1.5834484065700898	2.0
14.566035509109497	1.5834484065700898	2.0
14.581740856170654	1.5834237740049513	2.0
14.598334550857544	1.5834237740049513	2.0
14.616279363632202	1.583496907597508	2.0
14.632309198379517	1.583496907597508	2.0
14.649961471557617	1.583496907597508	2.0
14.665922164916992	1.5835180771386228	2.0
14.676766633987427	1.5835180771386228	2.0
14.698047161102295	1.5835180771386228	2.0
14.717268466949463	1.5833358196198257	2.0
14.754894018173218	1.583228097280331	2.0
14.774260997772217	1.583228097280331	2.0
14.804893970489502	1.583142347424923	2.0
14.822818279266357	1.583142347424923	2.0
14.864882469177246	1.583112746810484	2.0
14.88366961479187	1.583112746810484	2.0
14.916643381118774	1.5829419430972596	2.0
14.934487104415894	1.5829419430972596	2.0
14.953458070755005	1.582888865349565	2.0
14.970590114593506	1.582888865349565	2.0
14.991289377212524	1.582888865349565	2.0
15.009933233261108	1.5827312484419598	2.0
15.025644540786743	1.5827312484419598	2.0
15.046241044998169	1.5825706476235073	2.0
15.061410427093506	1.5825706476235073	2.0
15.07779049873352	1.5825706476235073	2.0
15.097709894180298	1.5824700754491037	2.0
15.119429111480713	1.5824700754491037	2.0
15.140914678573608	1.5823290863912112	2.0
15.157788753509521	1.5823290863912112	2.0
15.180600881576538	1.58242924176345	2.0
15.197321891784668	1.58242924176345	2.0
15.229563236236572	1.5823549643785315	2.0
15.242117404937744	1.5823549643785315	2.0
15.272814512252808	1.582475092668005	2.0
15.28890061378479	1.582475092668005	2.0
15.315080642700195	1.5824527117156242	2.0
15.332139253616333	1.5824527117156242	2.0
15.36139988899231	1.5824446230890863	2.0
15.378746747970581	1.5824446230890863	2.0
15.401352167129517	1.5825880409277242	2.0
15.41735315322876	1.5825880409277242	2.0
15.432302236557007	1.5825880409277242	2.0
15.44834017753601	1.5827867215722946	2.0
15.462180614471436	1.5827867215722946	2.0
15.479500532150269	1.5827867215722946	2.0
15.498575925827026	1.582798611453247	2.0
15.512848138809204	1.582798611453247	2.0
15.52977967262268	1.582798611453247	2.0
15.544541597366333	1.582833909447436	2.0
15.559962272644043	1.582833909447436	2.0
15.579155206680298	1.5829601185176154	2.0
15.594398736953735	1.5829601185176154	2.0
15.613079309463501	1.5829601185176154	2.0
15.62842845916748	1.5830757920927447	2.0
15.64554476737976	1.5830757920927447	2.0
15.663768291473389	1.5830757920927447	2.0
15.678750038146973	1.5831155650797577	2.0
15.692525625228882	1.5831155650797577	2.0
15.715595006942749	1.5829577929023384	2.0
15.730186462402344	1.5829577929023384	2.0
15.746683120727539	1.5829577929023384	2.0
15.764207124710083	1.5829443467542457	2.0
15.77775526046753	1.5829443467542457	2.0
15.807589054107666	1.5831187568894385	2.0
15.822130918502808	1.5831187568894385	2.0
15.83687448501587	1.5831187568894385	2.0
15.853267908096313	1.582976144403499	2.0
15.868386030197144	1.582976144403499	2.0
15.88884449005127	1.582976144403499	2.0
15.90463638305664	1.5828274894594239	2.0
15.915594339370728	1.5828274894594239	2.0
15.928912878036499	1.5828274894594239	2.0
15.944638967514038	1.5828274894594239	2.0
15.960289716720581	1.5828274894594239	2.0
15.973754405975342	1.5828274894594239	2.0
15.989932298660278	1.5828274894594239	2.0
16.005256414413452	1.5828274894594239	2.0
16.025011777877808	1.5828274894594239	2.0
16.04044508934021	1.5828274894594239	2.0
16.05499839782715	1.5828274894594239	2.0
16.07118248939514	1.5828274894594239	2.0
16.085737228393555	1.5828274894594239	2.0
16.103052854537964	1.5828274894594239	2.0
16.119936227798462	1.5828274894594239	2.0
16.137481689453125	1.5828274894594239	2.0
16.15320086479187	1.5828274894594239	2.0
16.166685342788696	1.5828274894594239	2.0
16.18177103996277	1.5828274894594239	2.0
16.196337699890137	1.5828274894594239	2.0
16.208806037902832	1.5828274894594239	2.0
16.222711086273193	1.5828274894594239	2.0
16.23733615875244	1.5828274894594239	2.0
16.24990200996399	1.5828274894594239	2.0
16.26425838470459	1.5828274894594239	2.0
16.277891635894775	1.5828274894594239	2.0
16.291282892227173	1.5828274894594239	2.0
16.305610179901123	1.5828274894594239	2.0
16.32125973701477	1.5828274894594239	2.0
16.335875988006592	1.5828274894594239	2.0
16.351446390151978	1.5828274894594239	2.0
16.366573095321655	1.5828274894594239	2.0
16.38845920562744	1.5828274894594239	2.0
16.405356645584106	1.5828359269594239	2.0
16.43857455253601	1.5827713327185862	2.0
16.45510196685791	1.5827713327185862	2.0
16.487162113189697	1.5829677671180638	2.0
16.501863718032837	1.5829677671180638	2.0
16.52242088317871	1.5829677671180638	2.0
16.537398099899292	1.5827327671180638	2.0
16.573538541793823	1.5827376650128007	2.0
16.59215021133423	1.5827376650128007	2.0
16.61231303215027	1.5828650374809177	2.0
16.62820076942444	1.5828650374809177	2.0
16.653552293777466	1.5828650374809177	2.0
16.66881251335144	1.5828481874617633	2.0
16.68189525604248	1.5828481874617633	2.0
16.698749542236328	1.5827271357447177	2.0
16.713688850402832	1.5827271357447177	2.0
16.72804832458496	1.5827271357447177	2.0
16.74298930168152	1.5827326425163712	2.0
16.75780177116394	1.5827326425163712	2.0
16.78875970840454	1.582832786225069	2.0
16.802863836288452	1.582832786225069	2.0
16.81552791595459	1.582832786225069	2.0
16.832239389419556	1.582945286225069	2.0
16.846893310546875	1.582945286225069	2.0
16.870248317718506	1.58295451397376	2.0
16.88603162765503	1.58295451397376	2.0
16.89886212348938	1.58295451397376	2.0
16.91621446609497	1.5827443758158652	2.0
16.93028712272644	1.5827443758158652	2.0
16.945643424987793	1.5827443758158652	2.0
16.967156171798706	1.5828034302200105	2.0
16.97829556465149	1.5828034302200105	2.0
16.997984886169434	1.5828034302200105	2.0
17.01347541809082	1.5829036144305366	2.0
17.046008825302124	1.582929750026936	2.0
17.058326482772827	1.582929750026936	2.0
17.075680255889893	1.582929750026936	2.0
17.099695205688477	1.582964064051326	2.0
17.1179256439209	1.582964064051326	2.0
17.14180564880371	1.583128709826727	2.0
17.158440828323364	1.583128709826727	2.0
17.19125461578369	1.582995078213824	2.0
17.206956386566162	1.582995078213824	2.0
17.226863145828247	1.5829158678743984	2.0
17.24346899986267	1.5829158678743984	2.0
17.266982316970825	1.5829158678743984	2.0
17.283175468444824	1.5827662547791603	2.0
17.29588747024536	1.5827662547791603	2.0
17.31322479248047	1.582780770553785	2.0
17.328677892684937	1.582780770553785	2.0
17.342926025390625	1.582780770553785	2.0
17.362175464630127	1.58266908371168	2.0
17.379099369049072	1.58266908371168	2.0
17.399380445480347	1.58266908371168	2.0
17.415043115615845	1.5827954250858989	2.0
17.431170225143433	1.5827954250858989	2.0
17.449461936950684	1.5826418270124658	2.0
17.464693546295166	1.5826418270124658	2.0
17.486615419387817	1.5826418270124658	2.0
17.50413465499878	1.5824491260279665	2.0
17.518810272216797	1.5824491260279665	2.0
17.545380115509033	1.58240753600206	2.0
17.56374168395996	1.58240753600206	2.0
17.584523677825928	1.582308926969802	2.0
17.601210117340088	1.582308926969802	2.0
17.6213960647583	1.582308926969802	2.0
17.640773057937622	1.5825585496353365	2.0
17.658843994140625	1.5825585496353365	2.0
17.67376160621643	1.582674540687968	2.0
17.689626932144165	1.582674540687968	2.0
17.706965923309326	1.582674540687968	2.0
17.723929166793823	1.5828466537832064	2.0
17.736940622329712	1.5828466537832064	2.0
17.749427318572998	1.5828466537832064	2.0
17.766199350357056	1.5828813460887672	2.0
17.780360221862793	1.5828813460887672	2.0
17.798521757125854	1.5828813460887672	2.0
17.814658403396606	1.583059642862961	2.0
17.827330589294434	1.583059642862961	2.0
17.844183444976807	1.583059642862961	2.0
17.859259128570557	1.582931291939478	2.0
17.873690843582153	1.582931291939478	2.0
17.89592957496643	1.5831945479076477	2.0
17.909393787384033	1.5831945479076477	2.0
17.926138162612915	1.5831945479076477	2.0
17.94348669052124	1.5834969105050505	2.0
17.95867156982422	1.5834969105050505	2.0
17.975096702575684	1.5834969105050505	2.0
17.989864110946655	1.583535279884519	2.0
18.00389075279236	1.583535279884519	2.0
18.023974657058716	1.583535279884519	2.0
18.041456937789917	1.5834089426094995	2.0
18.057252645492554	1.5834089426094995	2.0
18.0731258392334	1.5833051465568677	2.0
18.08858013153076	1.5833051465568677	2.0
18.11186146736145	1.5833051465568677	2.0
18.129541635513306	1.5832933541322045	2.0
18.145325899124146	1.5832933541322045	2.0
18.165067195892334	1.5832531991322045	2.0
18.17961287498474	1.5832531991322045	2.0
18.201195001602173	1.5832531991322045	2.0
18.219130039215088	1.5832185068266438	2.0
18.23343276977539	1.5832185068266438	2.0
18.254668712615967	1.583192551356798	2.0
18.269946813583374	1.583192551356798	2.0
18.288663148880005	1.583192551356798	2.0
18.305717945098877	1.5833291465019168	2.0
18.322338819503784	1.5833291465019168	2.0
18.343642234802246	1.5832341929210147	2.0
18.358375549316406	1.5832341929210147	2.0
18.373682737350464	1.5832341929210147	2.0
18.392720699310303	1.5830392490500471	2.0
18.409218788146973	1.5830392490500471	2.0
18.429664373397827	1.5830392490500471	2.0
18.442188262939453	1.5828861782508619	2.0
18.457021236419678	1.5828861782508619	2.0
18.479125022888184	1.5830361110460751	2.0
18.494566202163696	1.5830361110460751	2.0
18.508028507232666	1.5830361110460751	2.0
18.525246381759644	1.5829060689301722	2.0
18.540761470794678	1.5829060689301722	2.0
18.55923295021057	1.5829060689301722	2.0
18.575273275375366	1.582858270302204	2.0
18.58868169784546	1.582858270302204	2.0
18.607211589813232	1.582858270302204	2.0
18.622175216674805	1.582924130947365	2.0
18.639231204986572	1.582924130947365	2.0
18.656651496887207	1.582790407424049	2.0
18.669442653656006	1.582790407424049	2.0
18.684621810913086	1.582790407424049	2.0
18.70244264602661	1.582753822571314	2.0
18.71814751625061	1.582753822571314	2.0
18.735286712646484	1.582753822571314	2.0
18.751970767974854	1.5825721210739878	2.0
18.767037630081177	1.5825721210739878	2.0
18.794291973114014	1.5825796799180476	2.0
18.80967879295349	1.5825796799180476	2.0
18.830960035324097	1.5825796799180476	2.0
18.843175888061523	1.5825490237890154	2.0
18.859354257583618	1.5825490237890154	2.0
18.87941598892212	1.5826566257185097	2.0
18.89342951774597	1.5826566257185097	2.0
18.909960508346558	1.5826566257185097	2.0
18.92404317855835	1.5825835259851915	2.0
18.939040422439575	1.5825835259851915	2.0
18.95827078819275	1.5826664925663352	2.0
18.97416591644287	1.5826664925663352	2.0
18.98982572555542	1.5826664925663352	2.0
19.00621724128723	1.5827109339567094	2.0
19.0217342376709	1.5827109339567094	2.0
19.037158012390137	1.5827109339567094	2.0
19.054208755493164	1.582628978311548	2.0
19.0708270072937	1.582628978311548	2.0
19.093937158584595	1.582742769122359	2.0
19.110493659973145	1.582742769122359	2.0
19.129671335220337	1.582742769122359	2.0
19.147226095199585	1.582758967387727	2.0
19.163853883743286	1.582758967387727	2.0
19.18335223197937	1.582758967387727	2.0
19.198015213012695	1.5828890342326472	2.0
19.225943565368652	1.5828890342326472	2.0
19.243314504623413	1.5827493835149435	2.0
19.260589838027954	1.5827493835149435	2.0
19.277771949768066	1.582840766758187	2.0
19.292684078216553	1.582840766758187	2.0
19.310508728027344	1.582840766758187	2.0
19.3287250995636	1.5828579708847055	2.0
19.34358239173889	1.5828579708847055	2.0
19.35923671722412	1.5828579708847055	2.0
19.376951217651367	1.582916729130088	2.0
19.393802642822266	1.582916729130088	2.0
19.418620824813843	1.5829110740498742	2.0
19.43519926071167	1.5829110740498742	2.0
19.455347299575806	1.5829110740498742	2.0
19.473373651504517	1.5826465684906343	2.0
19.4963800907135	1.5826465684906343	2.0
19.517592430114746	1.5824821834906344	2.0
19.534579277038574	1.5824821834906344	2.0
19.555474042892456	1.5824951583941091	2.0
19.575502634048462	1.5824951583941091	2.0
19.597450256347656	1.5824951583941091	2.0
19.613731145858765	1.5824757816298838	2.0
19.63551378250122	1.5824757816298838	2.0
19.656234979629517	1.5825080111107863	2.0
19.67875599861145	1.5825080111107863	2.0
19.698567867279053	1.5824921165653318	2.0
19.71452236175537	1.5824921165653318	2.0
19.732547521591187	1.5825296095425612	2.0
19.748308420181274	1.5825296095425612	2.0
19.77474808692932	1.5825296095425612	2.0
19.791128158569336	1.582463006211855	2.0
19.80929946899414	1.582463006211855	2.0
19.82671880722046	1.5824562591646107	2.0
19.84258770942688	1.5824562591646107	2.0
19.863022089004517	1.5823913667480878	2.0
19.880656957626343	1.5823913667480878	2.0
19.901132583618164	1.5823913667480878	2.0
19.919204711914062	1.582531877232743	2.0
19.93512749671936	1.582531877232743	2.0
19.956104278564453	1.5825487972327428	2.0
19.9699764251709	1.5825487972327428	2.0
19.986557245254517	1.5825487972327428	2.0
20.003896474838257	1.5824089162803618	2.0
20.02092981338501	1.5824089162803618	2.0
20.042712926864624	1.5824089162803618	2.0
20.056368827819824	1.5823921251044657	2.0
20.07547926902771	1.5823921251044657	2.0
20.095444440841675	1.5823533460400445	2.0
20.11221981048584	1.5823533460400445	2.0
20.133563995361328	1.5823533460400445	2.0
20.15134882926941	1.5823216892658512	2.0
20.17012643814087	1.5823216892658512	2.0
20.1889386177063	1.5823383428091584	2.0
20.203940629959106	1.5823383428091584	2.0
20.224024534225464	1.5823383428091584	2.0
20.241154193878174	1.582293699009686	2.0
20.274285316467285	1.5822826869105886	2.0
20.290362119674683	1.5822826869105886	2.0
20.308401823043823	1.5822826869105886	2.0
20.32605266571045	1.5824825294302738	2.0
20.34264087677002	1.5824825294302738	2.0
20.365888357162476	1.5826341934630095	2.0
20.38330626487732	1.5826341934630095	2.0
20.403849840164185	1.5826341934630095	2.0
20.422836780548096	1.5827544286884738	2.0
20.438663244247437	1.5827544286884738	2.0
20.454687356948853	1.5830822013459238	2.0
20.470781803131104	1.5830822013459238	2.0
20.491604566574097	1.5830822013459238	2.0
20.50862693786621	1.5831057395690644	2.0
20.523834466934204	1.5831057395690644	2.0
20.541576623916626	1.5831057395690644	2.0
20.55784296989441	1.5830521588049893	2.0
20.573168754577637	1.5830521588049893	2.0
20.58981990814209	1.5832071566487016	2.0
20.605738162994385	1.5832071566487016	2.0
20.626525402069092	1.5832071566487016	2.0
20.64283061027527	1.5832052264536551	2.0
20.655620574951172	1.5832052264536551	2.0
20.670730352401733	1.5832052264536551	2.0
20.687118530273438	1.5833257967671777	2.0
20.70923376083374	1.5833257967671777	2.0
20.728517532348633	1.5833257967671777	2.0
20.741849184036255	1.583370870913519	2.0
20.757401704788208	1.583370870913519	2.0
20.774115800857544	1.583370870913519	2.0
20.7901508808136	1.5832987055591885	2.0
