t_s	measured_width_mm	target_width_mm
0.00116729736328125	nan	1.2
0.11027359962463379	nan	1.2
0.12129926681518555	nan	1.2
0.13246440887451172	nan	1.2
0.14354228973388672	nan	1.2
0.15457725524902344	nan	1.2
0.16528916358947754	nan	1.2
0.1764659881591797	nan	1.2
0.18721866607666016	nan	1.2
0.19811463356018066	nan	1.2
0.2091994285583496	nan	1.2
0.21998858451843262	nan	1.2
0.2307722568511963	nan	1.2
0.24171757698059082	nan	1.2
0.2526121139526367	nan	1.2
0.2634403705596924	nan	1.2
0.274308443069458	nan	1.2
0.28516721725463867	nan	1.2
0.29624438285827637	nan	1.2
0.30721306800842285	nan	1.2
0.318035364151001	nan	1.2
0.3290562629699707	nan	1.2
0.33980751037597656	nan	1.2
0.350344181060791	nan	1.2
0.3612053394317627	nan	1.2
0.37192273139953613	nan	1.2
0.3826422691345215	nan	1.2
0.3935811519622803	nan	1.2
0.40431976318359375	nan	1.2
0.4149010181427002	nan	1.2
0.4256398677825928	nan	1.2
0.43634772300720215	nan	1.2
0.44696545600891113	nan	1.2
0.45778512954711914	nan	1.2
0.46836137771606445	nan	1.2
0.47916269302368164	nan	1.2
0.4897651672363281	nan	1.2
0.5003480911254883	nan	1.2
0.5111236572265625	nan	1.2
0.5216653347015381	nan	1.2
0.5323104858398438	nan	1.2
0.5430223941802979	nan	1.2
0.5535719394683838	nan	1.2
0.5642850399017334	nan	1.2
0.575078010559082	nan	1.2
0.5856530666351318	nan	1.2
0.5963995456695557	nan	1.2
0.607311487197876	nan	1.2
0.617828369140625	nan	1.2
0.6284914016723633	nan	1.2
0.6394081115722656	nan	1.2
0.6501531600952148	nan	1.2
0.6608796119689941	nan	1.2
0.6714210510253906	nan	1.2
0.6821167469024658	nan	1.2
0.6928274631500244	nan	1.2
0.7034666538238525	nan	1.2
0.7140181064605713	nan	1.2
0.7248172760009766	nan	1.2
0.7357831001281738	nan	1.2
0.7463619709014893	nan	1.2
0.7571659088134766	nan	1.2
0.767963171005249	nan	1.2
0.7786543369293213	nan	1.2
0.7894234657287598	nan	1.2
0.8002176284790039	nan	1.2
0.8111727237701416	nan	1.2
0.8218145370483398	nan	1.2
0.8327007293701172	nan	1.2
0.8436305522918701	nan	1.2
0.8543202877044678	nan	1.2
0.8652863502502441	nan	1.2
0.8759894371032715	nan	1.2
0.8869330883026123	nan	1.2
0.8977971076965332	nan	1.2
0.9086229801177979	nan	1.2
0.9192237854003906	nan	1.2
0.9301280975341797	nan	1.2
0.9407079219818115	nan	1.2
0.9512250423431396	nan	1.2
0.9618632793426514	nan	1.2
0.9726572036743164	nan	1.2
0.9835846424102783	nan	1.2
0.9940536022186279	nan	1.2
1.005115032196045	nan	1.2
1.0160837173461914	nan	1.2
1.0266621112823486	nan	1.2
1.0373709201812744	nan	1.2
1.0482702255249023	nan	1.2
1.0587718486785889	nan	1.2
1.0693669319152832	nan	1.2
1.0799074172973633	nan	1.2
1.0904769897460938	nan	1.2
1.1013071537017822	nan	1.2
1.112276554107666	nan	1.2
1.1228132247924805	nan	1.2
1.133434772491455	nan	1.2
1.144026279449463	nan	1.2
1.1548593044281006	nan	1.2
1.1654057502746582	nan	1.2
1.1763577461242676	nan	1.2
1.1870670318603516	nan	1.2
1.1979799270629883	nan	1.2
1.2085316181182861	nan	1.2
1.2193400859832764	nan	1.2
1.2302827835083008	nan	1.2
1.241093397140503	nan	1.2
1.2519583702087402	nan	1.2
1.2625439167022705	nan	1.2
1.2732748985290527	nan	1.2
1.283933162689209	nan	1.2
1.2947676181793213	nan	1.2
1.3055446147918701	nan	1.2
1.3161184787750244	nan	1.2
1.326798915863037	nan	1.2
1.3373277187347412	nan	1.2
1.34808349609375	nan	1.2
1.358828067779541	nan	1.2
1.3694429397583008	nan	1.2
1.3803634643554688	nan	1.2
1.391031265258789	nan	1.2
1.4015650749206543	nan	1.2
1.4123280048370361	nan	1.2
1.422929048538208	nan	1.2
1.4336843490600586	nan	1.2
1.4442756175994873	nan	1.2
1.4547712802886963	nan	1.2
1.4655730724334717	nan	1.2
1.476623296737671	nan	1.2
1.4872007369995117	nan	1.2
1.4977824687957764	nan	1.2
1.5085394382476807	nan	1.2
1.5191969871520996	nan	1.2
1.5299015045166016	nan	1.2
1.5405724048614502	nan	1.2
1.5513694286346436	nan	1.2
1.5619151592254639	nan	1.2
1.572761058807373	nan	1.2
1.5837724208831787	nan	1.2
1.5945918560028076	nan	1.2
1.6053719520568848	nan	1.2
1.6160311698913574	nan	1.2
1.6265783309936523	nan	1.2
1.6372146606445312	nan	1.2
1.647913932800293	nan	1.2
1.658937692642212	nan	1.2
1.6696865558624268	nan	1.2
1.6802043914794922	nan	1.2
1.6909198760986328	nan	1.2
1.7016057968139648	nan	1.2
1.7125129699707031	nan	1.2
1.7234327793121338	nan	1.2
1.7341225147247314	nan	1.2
1.7449557781219482	nan	1.2
1.7558839321136475	nan	1.2
1.7667012214660645	nan	1.2
1.777496099472046	nan	1.2
1.788414716720581	nan	1.2
1.7990469932556152	nan	1.2
1.809600591659546	nan	1.2
1.820277214050293	nan	1.2
1.8311755657196045	nan	1.2
1.8418633937835693	nan	1.2
1.8524830341339111	nan	1.2
1.8632056713104248	nan	1.2
1.8740324974060059	nan	1.2
1.8845610618591309	nan	1.2
1.89530611038208	nan	1.2
1.9058177471160889	nan	1.2
1.916701078414917	nan	1.2
1.9273200035095215	nan	1.2
1.9379968643188477	nan	1.2
1.9491956233978271	nan	1.2
1.960052490234375	nan	1.2
1.9708755016326904	nan	1.2
1.981391191482544	nan	1.2
1.9920225143432617	nan	1.2
2.0027151107788086	nan	1.2
2.0132663249969482	nan	1.2
2.0238289833068848	nan	1.2
2.0345349311828613	nan	1.2
2.045386552810669	nan	1.2
2.056135654449463	nan	1.2
2.0669751167297363	nan	1.2
2.077564001083374	nan	1.2
2.0883052349090576	nan	1.2
2.0989718437194824	nan	1.2
2.1098084449768066	nan	1.2
2.1207778453826904	nan	1.2
2.1313860416412354	nan	1.2
2.142333745956421	nan	1.2
2.152860403060913	nan	1.2
2.1634223461151123	nan	1.2
2.173945665359497	nan	1.2
2.1845319271087646	nan	1.2
2.19516921043396	nan	1.2
2.2061033248901367	nan	1.2
2.216782331466675	nan	1.2
2.22761869430542	nan	1.2
2.238525629043579	nan	1.2
2.249119281768799	nan	1.2
2.2597620487213135	nan	1.2
2.2702724933624268	nan	1.2
2.281087636947632	nan	1.2
2.291808843612671	nan	1.2
2.302523136138916	nan	1.2
2.313351631164551	nan	1.2
2.3239386081695557	nan	1.2
2.334876537322998	nan	1.2
2.3456852436065674	nan	1.2
2.3562252521514893	nan	1.2
2.366888999938965	nan	1.2
2.37784743309021	nan	1.2
2.388859748840332	nan	1.2
2.3994204998016357	nan	1.2
2.4099631309509277	nan	1.2
2.4208157062530518	nan	1.2
2.4315390586853027	nan	1.2
2.4425363540649414	nan	1.2
2.4532933235168457	nan	1.2
2.4643239974975586	nan	1.2
2.4749269485473633	nan	1.2
2.4857897758483887	nan	1.2
2.4963526725769043	nan	1.2
2.507319450378418	nan	1.2
2.518190860748291	nan	1.2
2.528787851333618	nan	1.2
2.539454460144043	nan	1.2
2.5501856803894043	nan	1.2
2.560896635055542	nan	1.2
2.5714995861053467	nan	1.2
2.5824649333953857	nan	1.2
2.593280553817749	nan	1.2
2.6039621829986572	nan	1.2
2.6147804260253906	nan	1.2
2.6256461143493652	nan	1.2
2.636284112930298	nan	1.2
2.647350788116455	nan	1.2
2.6580989360809326	nan	1.2
2.668996810913086	nan	1.2
2.6797194480895996	nan	1.2
2.690316915512085	nan	1.2
2.7010586261749268	nan	1.2
2.7118582725524902	nan	1.2
2.722548246383667	nan	1.2
2.7332799434661865	nan	1.2
2.7442708015441895	nan	1.2
2.754786968231201	nan	1.2
2.7654004096984863	nan	1.2
2.7763748168945312	nan	1.2
2.786935567855835	nan	1.2
2.7974255084991455	nan	1.2
2.8084819316864014	nan	1.2
2.8194711208343506	nan	1.2
2.8300492763519287	nan	1.2
2.840789556503296	nan	1.2
2.851395606994629	nan	1.2
2.8621721267700195	nan	1.2
2.8729803562164307	nan	1.2
2.883896589279175	nan	1.2
2.894888401031494	nan	1.2
2.9054794311523438	nan	1.2
2.9163315296173096	nan	1.2
2.9270777702331543	nan	1.2
2.9376137256622314	nan	1.2
2.948378324508667	nan	1.2
2.9589297771453857	nan	1.2
2.9700212478637695	nan	1.2
2.9805052280426025	nan	1.2
2.991189956665039	nan	1.2
3.0020618438720703	nan	1.2
3.012692451477051	nan	1.2
3.0232162475585938	nan	1.2
3.0340452194213867	nan	1.2
3.044682025909424	nan	1.2
3.0553359985351562	nan	1.2
3.066352128982544	nan	1.2
3.077012777328491	nan	1.2
3.087808609008789	nan	1.2
3.098370313644409	nan	1.2
3.108901262283325	nan	1.2
3.1197125911712646	nan	1.2
3.130587339401245	nan	1.2
3.1414246559143066	nan	1.2
3.152092695236206	nan	1.2
3.1626667976379395	nan	1.2
3.173564910888672	nan	1.2
3.1841447353363037	nan	1.2
3.195005178451538	nan	1.2
3.2055537700653076	nan	1.2
3.2162890434265137	nan	1.2
3.2273285388946533	nan	1.2
3.2379305362701416	nan	1.2
3.248464584350586	nan	1.2
3.259223699569702	nan	1.2
3.2700259685516357	nan	1.2
3.2806835174560547	nan	1.2
3.291675090789795	nan	1.2
3.3023488521575928	nan	1.2
3.313267707824707	nan	1.2
3.3242344856262207	nan	1.2
3.3350465297698975	nan	1.2
3.345789909362793	nan	1.2
3.356428384780884	nan	1.2
3.3670473098754883	nan	1.2
3.3776333332061768	nan	1.2
3.3883461952209473	nan	1.2
3.3991775512695312	nan	1.2
3.4099676609039307	nan	1.2
3.420591354370117	nan	1.2
3.431551456451416	nan	1.2
3.442429780960083	nan	1.2
3.453310251235962	nan	1.2
3.463999032974243	nan	1.2
3.474858045578003	nan	1.2
3.485485076904297	nan	1.2
3.496194362640381	nan	1.2
3.5067663192749023	nan	1.2
3.5174031257629395	nan	1.2
3.528348445892334	nan	1.2
3.53918719291687	nan	1.2
3.549858808517456	nan	1.2
3.5605649948120117	nan	1.2
3.5715959072113037	nan	1.2
3.582138776779175	nan	1.2
3.592966079711914	nan	1.2
3.603816270828247	nan	1.2
3.6146249771118164	nan	1.2
3.6254897117614746	nan	1.2
3.6360747814178467	nan	1.2
3.6468372344970703	nan	1.2
3.658087730407715	nan	1.2
3.6686980724334717	nan	1.2
3.6794846057891846	nan	1.2
3.690222978591919	nan	1.2
3.7008821964263916	nan	1.2
3.7119174003601074	nan	1.2
3.7226521968841553	nan	1.2
3.7332680225372314	nan	1.2
3.7440500259399414	nan	1.2
3.7547013759613037	nan	1.2
3.765343189239502	nan	1.2
3.7763309478759766	nan	1.2
3.7870423793792725	nan	1.2
3.7979748249053955	nan	1.2
3.8088033199310303	nan	1.2
3.8195812702178955	nan	1.2
3.8301265239715576	nan	1.2
3.8410611152648926	nan	1.2
3.8519668579101562	nan	1.2
3.862574577331543	nan	1.2
3.8731024265289307	nan	1.2
3.8838698863983154	nan	1.2
3.894831418991089	nan	1.2
3.90548038482666	nan	1.2
3.9165143966674805	nan	1.2
3.9271247386932373	nan	1.2
3.937835931777954	nan	1.2
3.9487392902374268	nan	1.2
3.959310531616211	nan	1.2
3.970078229904175	nan	1.2
3.9808316230773926	nan	1.2
3.991579532623291	nan	1.2
4.002119779586792	nan	1.2
4.013042211532593	nan	1.2
4.024095296859741	nan	1.2
4.034976243972778	nan	1.2
4.04556131362915	nan	1.2
4.056138277053833	nan	1.2
4.067105770111084	nan	1.2
4.078052997589111	nan	1.2
4.088969707489014	nan	1.2
4.099931240081787	nan	1.2
4.1107566356658936	nan	1.2
4.121612548828125	nan	1.2
4.132409572601318	nan	1.2
4.143381595611572	nan	1.2
4.154085636138916	nan	1.2
4.165092706680298	nan	1.2
4.176067590713501	nan	1.2
4.18710732460022	nan	1.2
4.197974681854248	nan	1.2
4.208868026733398	nan	1.2
4.219437599182129	nan	1.2
4.230183839797974	nan	1.2
4.2408037185668945	nan	1.2
4.251537561416626	nan	1.2
4.262349605560303	nan	1.2
4.2733190059661865	nan	1.2
4.284289121627808	nan	1.2
4.2948691844940186	nan	1.2
4.3055267333984375	nan	1.2
4.31657075881958	nan	1.2
4.3275885581970215	nan	1.2
4.338367938995361	nan	1.2
4.349324703216553	nan	1.2
4.360215902328491	nan	1.2
4.370871067047119	nan	1.2
4.381640911102295	nan	1.2
4.392399549484253	nan	1.2
4.403321981430054	nan	1.2
4.413880109786987	nan	1.2
4.424888610839844	nan	1.2
4.435842752456665	nan	1.2
4.446425437927246	nan	1.2
4.4571921825408936	nan	1.2
4.4680335521698	nan	1.2
4.4787962436676025	nan	1.2
4.4896252155303955	nan	1.2
4.50067138671875	nan	1.2
4.511780500411987	nan	1.2
4.522322654724121	nan	1.2
4.533345937728882	nan	1.2
4.544331789016724	nan	1.2
4.554963827133179	nan	1.2
4.565648794174194	nan	1.2
4.576216697692871	nan	1.2
4.586968421936035	nan	1.2
4.597909927368164	nan	1.2
4.608460187911987	nan	1.2
4.618985891342163	nan	1.2
4.629565000534058	nan	1.2
4.640132665634155	nan	1.2
4.651015758514404	nan	1.2
4.661750078201294	nan	1.2
4.672434329986572	nan	1.2
4.683056354522705	nan	1.2
4.694087266921997	nan	1.2
4.704872131347656	nan	1.2
4.7159035205841064	nan	1.2
4.726439476013184	nan	1.2
4.737167596817017	nan	1.2
4.74797248840332	nan	1.2
4.7585625648498535	nan	1.2
4.769219636917114	nan	1.2
4.779895782470703	nan	1.2
4.7905707359313965	nan	1.2
4.801124811172485	nan	1.2
4.81170129776001	nan	1.2
4.822297096252441	nan	1.2
4.833125114440918	nan	1.2
4.843836069107056	nan	1.2
4.85459303855896	nan	1.2
4.865876197814941	nan	1.2
4.876864910125732	nan	1.2
4.887618541717529	nan	1.2
4.898565769195557	nan	1.2
4.909317970275879	nan	1.2
4.919867515563965	nan	1.2
4.930405616760254	nan	1.2
4.941379547119141	nan	1.2
4.952512979507446	nan	1.2
4.963220119476318	nan	1.2
4.974038600921631	nan	1.2
4.985055685043335	nan	1.2
4.995620250701904	nan	1.2
5.006172180175781	nan	1.2
5.016969442367554	nan	1.2
5.027638912200928	nan	1.2
5.038485288619995	nan	1.2
5.049060106277466	nan	1.2
5.059691905975342	nan	1.2
5.0703394412994385	nan	1.2
5.081019401550293	nan	1.2
5.09190034866333	nan	1.2
5.102646827697754	nan	1.2
5.113544702529907	nan	1.2
5.124396800994873	nan	1.2
5.13546085357666	nan	1.2
5.146460056304932	nan	1.2
5.157242059707642	nan	1.2
5.16796350479126	nan	1.2
5.178434133529663	nan	1.2
5.1890387535095215	nan	1.2
5.200045824050903	nan	1.2
5.210517644882202	nan	1.2
5.221160650253296	nan	1.2
5.231829643249512	nan	1.2
5.242433071136475	nan	1.2
5.2531068325042725	nan	1.2
5.263910531997681	nan	1.2
5.274718761444092	nan	1.2
5.285551071166992	nan	1.2
5.2961437702178955	nan	1.2
5.306952953338623	nan	1.2
5.317971229553223	nan	1.2
5.328716993331909	nan	1.2
5.339450120925903	nan	1.2
5.350114345550537	nan	1.2
5.3606507778167725	nan	1.2
5.37153434753418	nan	1.2
5.3821070194244385	nan	1.2
5.393033742904663	nan	1.2
5.40376615524292	nan	1.2
5.414346218109131	nan	1.2
5.424964666366577	nan	1.2
5.435802459716797	nan	1.2
5.4466588497161865	nan	1.2
5.457193374633789	nan	1.2
5.467854738235474	nan	1.2
5.478894472122192	nan	1.2
5.489583492279053	nan	1.2
5.500187873840332	nan	1.2
5.51089334487915	nan	1.2
5.5214574337005615	nan	1.2
5.5320494174957275	nan	1.2
5.542680978775024	nan	1.2
5.553292274475098	nan	1.2
5.564136743545532	nan	1.2
5.574700593948364	nan	1.2
5.585157155990601	nan	1.2
5.595644235610962	nan	1.2
5.606332540512085	nan	1.2
5.617272138595581	nan	1.2
5.628139019012451	nan	1.2
5.6390838623046875	nan	1.2
5.649674654006958	nan	1.2
5.6604323387146	nan	1.2
5.671102046966553	nan	1.2
5.68204927444458	nan	1.2
5.692692995071411	nan	1.2
5.703482627868652	nan	1.2
5.714264154434204	nan	1.2
5.7251269817352295	nan	1.2
5.735790729522705	nan	1.2
5.746423244476318	nan	1.2
5.757144451141357	nan	1.2
5.767912864685059	nan	1.2
5.778612852096558	nan	1.2
5.789510726928711	nan	1.2
5.800089120864868	nan	1.2
5.810676574707031	nan	1.2
5.821396112442017	nan	1.2
5.832227468490601	nan	1.2
5.843119144439697	nan	1.2
5.853810787200928	nan	1.2
5.864424467086792	nan	1.2
5.875004529953003	nan	1.2
5.885529041290283	nan	1.2
5.896157503128052	nan	1.2
5.907066583633423	nan	1.2
5.917882204055786	nan	1.2
5.92899751663208	nan	1.2
5.939913272857666	nan	1.2
5.9503867626190186	nan	1.2
5.961240530014038	nan	1.2
5.971999168395996	nan	1.2
5.982552766799927	nan	1.2
5.993232727050781	nan	1.2
6.003893852233887	nan	1.2
6.014543294906616	nan	1.2
6.02504825592041	nan	1.2
6.035632133483887	nan	1.2
6.046389102935791	nan	1.2
6.057044744491577	nan	1.2
6.067788124084473	nan	1.2
6.078350067138672	nan	1.2
6.088983774185181	nan	1.2
6.09959864616394	nan	1.2
6.110158681869507	nan	1.2
6.120783805847168	nan	1.2
6.131315469741821	nan	1.2
6.142049312591553	nan	1.2
6.153007745742798	nan	1.2
6.163707971572876	nan	1.2
6.174343824386597	nan	1.2
6.184873819351196	nan	1.2
6.195607423782349	nan	1.2
6.206228494644165	nan	1.2
6.216762065887451	nan	1.2
6.227758169174194	nan	1.2
6.238430738449097	nan	1.2
6.249323844909668	nan	1.2
6.260292053222656	nan	1.2
6.271072626113892	nan	1.2
6.281921148300171	nan	1.2
6.292496681213379	nan	1.2
6.303311347961426	nan	1.2
6.313897371292114	nan	1.2
6.324907064437866	nan	1.2
6.335453033447266	nan	1.2
6.346095085144043	nan	1.2
6.356622695922852	nan	1.2
6.367489337921143	nan	1.2
6.3780763149261475	nan	1.2
6.389013051986694	nan	1.2
6.399637699127197	nan	1.2
6.410548686981201	nan	1.2
6.421369552612305	nan	1.2
6.432283878326416	nan	1.2
6.44275689125061	nan	1.2
6.453784465789795	nan	1.2
6.464681148529053	nan	1.2
6.475247383117676	nan	1.2
6.4861814975738525	nan	1.2
6.497002124786377	nan	1.2
6.507615566253662	nan	1.2
6.518432378768921	nan	1.2
6.529236793518066	nan	1.2
6.5399110317230225	nan	1.2
6.550522565841675	nan	1.2
6.561106443405151	nan	1.2
6.5717713832855225	nan	1.2
6.582390785217285	nan	1.2
6.59318995475769	nan	1.2
6.603768587112427	nan	1.2
6.614285945892334	nan	1.2
6.624937295913696	nan	1.2
6.635607957839966	nan	1.2
6.646313190460205	nan	1.2
6.6568708419799805	nan	1.2
6.667577028274536	nan	1.2
6.6782546043396	nan	1.2
6.68886399269104	nan	1.2
6.699557781219482	nan	1.2
6.7104668617248535	nan	1.2
6.722527027130127	nan	1.2
6.733326435089111	nan	1.2
6.744054794311523	nan	1.2
6.754737377166748	nan	1.2
6.765563249588013	nan	1.2
6.776992321014404	nan	1.2
6.787911415100098	nan	1.2
6.798547744750977	nan	1.2
6.8097357749938965	nan	1.2
6.820404291152954	nan	1.2
6.831007480621338	nan	1.2
6.841520071029663	nan	1.2
6.852252960205078	nan	1.2
6.862980604171753	nan	1.2
6.873732566833496	nan	1.2
6.884625434875488	nan	1.2
6.895665407180786	nan	1.2
6.906801462173462	nan	1.2
6.917662858963013	nan	1.2
6.92862343788147	nan	1.2
6.939445734024048	nan	1.2
6.950172662734985	nan	1.2
6.9608681201934814	nan	1.2
6.971895694732666	nan	1.2
6.982466697692871	nan	1.2
6.993008852005005	nan	1.2
7.0035340785980225	nan	1.2
7.018289566040039	nan	1.2
7.029083013534546	nan	1.2
7.040121555328369	nan	1.2
7.051093816757202	nan	1.2
7.062150478363037	nan	1.2
7.074496030807495	nan	1.2
7.0853188037872314	nan	1.2
7.096049785614014	nan	1.2
7.107115030288696	nan	1.2
7.118158340454102	nan	1.2
7.129055023193359	nan	1.2
7.139849662780762	nan	1.2
7.150883436203003	nan	1.2
7.161759614944458	nan	1.2
7.1726861000061035	nan	1.2
7.183803558349609	nan	1.2
7.1943652629852295	nan	1.2
7.204940319061279	nan	1.2
7.2157065868377686	nan	1.2
7.22671103477478	nan	1.2
7.237555265426636	nan	1.2
7.248399972915649	nan	1.2
7.25913143157959	nan	1.2
7.270219326019287	nan	1.2
7.281056642532349	nan	1.2
7.291780471801758	nan	1.2
7.30258846282959	nan	1.2
7.313378810882568	nan	1.2
7.324125051498413	nan	1.2
7.335225820541382	nan	1.2
7.345897674560547	nan	1.2
7.356464385986328	nan	1.2
7.367144584655762	nan	1.2
7.378053665161133	nan	1.2
7.388619899749756	nan	1.2
7.3992860317230225	nan	1.2
7.410274267196655	nan	1.2
7.4209160804748535	nan	1.2
7.431683301925659	nan	1.2
7.4422287940979	nan	1.2
7.453070640563965	nan	1.2
7.463839530944824	nan	1.2
7.474790811538696	nan	1.2
7.485662221908569	nan	1.2
7.496200799942017	nan	1.2
7.5067458152771	nan	1.2
7.518454551696777	nan	1.2
7.529322147369385	nan	1.2
7.539920330047607	nan	1.2
7.550631284713745	nan	1.2
7.561208486557007	nan	1.2
7.571843147277832	nan	1.2
7.582552909851074	nan	1.2
7.5932347774505615	nan	1.2
7.604039669036865	nan	1.2
7.614752769470215	nan	1.2
7.625395059585571	nan	1.2
7.636786699295044	nan	1.2
7.647515296936035	nan	1.2
7.658200263977051	nan	1.2
7.669150114059448	nan	1.2
7.680089950561523	nan	1.2
7.6909074783325195	nan	1.2
7.701735973358154	nan	1.2
7.712306976318359	nan	1.2
7.722844123840332	nan	1.2
7.733372449874878	nan	1.2
7.743915796279907	nan	1.2
7.75494647026062	nan	1.2
7.765940189361572	nan	1.2
7.776576280593872	nan	1.2
7.787628650665283	nan	1.2
7.798187732696533	nan	1.2
7.809093236923218	nan	1.2
7.820039987564087	nan	1.2
7.831130266189575	nan	1.2
7.841876268386841	nan	1.2
7.852761745452881	nan	1.2
7.863377571105957	nan	1.2
7.8744330406188965	nan	1.2
7.885468006134033	nan	1.2
7.896170139312744	nan	1.2
7.906986951828003	nan	1.2
7.917855501174927	nan	1.2
7.928515195846558	nan	1.2
7.9392547607421875	nan	1.2
7.949888467788696	nan	1.2
7.960533857345581	nan	1.2
7.972641468048096	nan	1.2
7.9832398891448975	nan	1.2
7.993845462799072	nan	1.2
8.004651069641113	nan	1.2
8.015216827392578	nan	1.2
8.025873899459839	nan	1.2
8.036416292190552	nan	1.2
8.047338724136353	nan	1.2
8.058195352554321	nan	1.2
8.06926155090332	nan	1.2
8.079797983169556	nan	1.2
8.09036660194397	nan	1.2
8.1014244556427	nan	1.2
8.112475395202637	nan	1.2
8.123271465301514	nan	1.2
8.133810997009277	nan	1.2
8.144446849822998	nan	1.2
8.15547513961792	nan	1.2
8.16607117652893	nan	1.2
8.17656135559082	nan	1.2
8.18752646446228	nan	1.2
8.198275804519653	nan	1.2
8.209012269973755	nan	1.2
8.21960735321045	nan	1.2
8.23028016090393	nan	1.2
8.240971803665161	nan	1.2
8.251556873321533	nan	1.2
8.262575626373291	nan	1.2
8.273566007614136	nan	1.2
8.284203052520752	nan	1.2
8.29473352432251	nan	1.2
8.305672645568848	nan	1.2
8.316665410995483	nan	1.2
8.327209711074829	nan	1.2
8.338163614273071	nan	1.2
8.348868131637573	nan	1.2
8.359771966934204	nan	1.2
8.370537757873535	nan	1.2
8.381134271621704	nan	1.2
8.391918182373047	nan	1.2
8.402526140213013	nan	1.2
8.413268804550171	nan	1.2
8.423912048339844	nan	1.2
8.434807062149048	nan	1.2
8.445522785186768	nan	1.2
8.456461668014526	nan	1.2
8.467047929763794	nan	1.2
8.477866172790527	nan	1.2
8.488420963287354	nan	1.2
8.498882055282593	nan	1.2
8.509547710418701	nan	1.2
8.520477771759033	nan	1.2
8.530996561050415	nan	1.2
8.541637182235718	nan	1.2
8.55259394645691	nan	1.2
8.563529014587402	nan	1.2
8.574548482894897	nan	1.2
8.585529327392578	nan	1.2
8.596073865890503	nan	1.2
8.60688304901123	nan	1.2
8.61749792098999	nan	1.2
8.628273963928223	nan	1.2
8.639195203781128	nan	1.2
8.649687767028809	nan	1.2
8.660224914550781	nan	1.2
8.6709303855896	nan	1.2
8.681580781936646	nan	1.2
8.69229006767273	nan	1.2
8.703288555145264	nan	1.2
8.7140474319458	nan	1.2
8.724714279174805	nan	1.2
8.735688209533691	nan	1.2
8.746467351913452	nan	1.2
8.757201194763184	nan	1.2
8.76815938949585	nan	1.2
8.778920650482178	nan	1.2
8.789843797683716	nan	1.2
8.800679206848145	nan	1.2
8.811628580093384	nan	1.2
8.822269678115845	nan	1.2
8.832841873168945	nan	1.2
8.84357476234436	nan	1.2
8.854280710220337	nan	1.2
8.865347385406494	nan	1.2
8.876050472259521	nan	1.2
8.886972188949585	nan	1.2
8.897508382797241	nan	1.2
8.908135414123535	nan	1.2
8.918854475021362	nan	1.2
8.929474115371704	nan	1.2
8.940502882003784	nan	1.2
8.951236963272095	nan	1.2
8.961944818496704	nan	1.2
8.97275447845459	nan	1.2
8.98352575302124	nan	1.2
8.994409322738647	nan	1.2
9.005311965942383	nan	1.2
9.016961812973022	nan	1.2
9.028002262115479	nan	1.2
9.03874683380127	nan	1.2
9.049339294433594	nan	1.2
9.059849739074707	nan	1.2
9.070734024047852	nan	1.2
9.081450700759888	nan	1.2
9.0924813747406	nan	1.2
9.103468418121338	nan	1.2
9.11434030532837	nan	1.2
9.125277996063232	nan	1.2
9.136036157608032	nan	1.2
9.146535396575928	nan	1.2
9.157115697860718	nan	1.2
9.167687892913818	nan	1.2
9.178292036056519	nan	1.2
9.188875675201416	nan	1.2
9.199517726898193	nan	1.2
9.21017837524414	nan	1.2
9.220805644989014	nan	1.2
9.23181962966919	nan	1.2
9.242736101150513	nan	1.2
9.253665447235107	nan	1.2
9.264647006988525	nan	1.2
9.275193691253662	nan	1.2
9.285744905471802	nan	1.2
9.296283721923828	nan	1.2
9.306907176971436	nan	1.2
9.317557573318481	nan	1.2
9.328188180923462	nan	1.2
9.338850975036621	nan	1.2
9.349816799163818	nan	1.2
9.36045503616333	nan	1.2
9.371487855911255	nan	1.2
9.382242679595947	nan	1.2
9.392854928970337	nan	1.2
9.403640985488892	nan	1.2
9.414707660675049	nan	1.2
9.425493955612183	nan	1.2
9.436046600341797	nan	1.2
9.446604251861572	nan	1.2
9.457135438919067	nan	1.2
9.467942953109741	nan	1.2
9.478604078292847	nan	1.2
9.489324808120728	nan	1.2
9.499846935272217	nan	1.2
9.510459423065186	nan	1.2
9.521380186080933	nan	1.2
9.5324125289917	nan	1.2
9.543017625808716	nan	1.2
9.553826808929443	nan	1.2
9.564603805541992	nan	1.2
9.575366020202637	nan	1.2
9.587286472320557	nan	1.2
9.597887992858887	nan	1.2
9.608550786972046	nan	1.2
9.619588613510132	nan	1.2
9.630321979522705	nan	1.2
9.64098048210144	nan	1.2
9.651643514633179	nan	1.2
9.662282466888428	nan	1.2
9.672898292541504	nan	1.2
9.683874368667603	nan	1.2
9.694593667984009	nan	1.2
9.705451011657715	nan	1.2
9.716152906417847	nan	1.2
9.726695537567139	nan	1.2
9.73738980293274	nan	1.2
9.74808955192566	nan	1.2
9.75930142402649	nan	1.2
9.769927024841309	nan	1.2
9.780616283416748	nan	1.2
9.791537761688232	nan	1.2
9.802287817001343	nan	1.2
9.813131093978882	nan	1.2
9.82420563697815	nan	1.2
9.834786891937256	nan	1.2
9.845715999603271	nan	1.2
9.85667896270752	nan	1.2
9.867258071899414	nan	1.2
9.87784481048584	nan	1.2
9.888783693313599	nan	1.2
9.899476051330566	nan	1.2
9.910406351089478	nan	1.2
9.921040773391724	nan	1.2
9.932072639465332	nan	1.2
9.942612409591675	nan	1.2
9.95318055152893	nan	1.2
9.963786602020264	nan	1.2
9.97484803199768	nan	1.2
9.985812187194824	nan	1.2
9.99660348892212	nan	1.2
10.007434844970703	nan	1.2
10.01946496963501	nan	1.2
10.030624151229858	nan	1.2
10.041347742080688	nan	1.2
10.052189350128174	nan	1.2
10.06272029876709	nan	1.2
10.073557138442993	nan	1.2
10.08417558670044	nan	1.2
10.095208406448364	nan	1.2
10.10580825805664	nan	1.2
10.116344690322876	nan	1.2
10.127053022384644	nan	1.2
10.138083934783936	nan	1.2
10.14927625656128	nan	1.2
10.159968137741089	nan	1.2
10.170917987823486	nan	1.2
10.181460618972778	nan	1.2
10.192289352416992	nan	1.2
10.203283786773682	nan	1.2
10.2140531539917	nan	1.2
10.225100994110107	nan	1.2
10.235878944396973	nan	1.2
10.24659252166748	nan	1.2
10.257563352584839	nan	1.2
10.26832365989685	nan	1.2
10.278873920440674	nan	1.2
10.289605855941772	nan	1.2
10.300142288208008	nan	1.2
10.310746908187866	nan	1.2
10.321357250213623	nan	1.2
10.332111835479736	nan	1.2
10.343797445297241	nan	1.2
10.354750871658325	nan	1.2
10.365336179733276	nan	1.2
10.375908136367798	nan	1.2
10.386774778366089	nan	1.2
10.397320985794067	nan	1.2
10.407800912857056	nan	1.2
10.418495655059814	nan	1.2
10.429339170455933	nan	1.2
10.440006017684937	nan	1.2
10.4506356716156	nan	1.2
10.461666107177734	nan	1.2
10.472526550292969	nan	1.2
10.48314881324768	nan	1.2
10.493928670883179	nan	1.2
10.504549264907837	nan	1.2
10.515486240386963	nan	1.2
10.52638864517212	nan	1.2
10.537431716918945	nan	1.2
10.548091173171997	nan	1.2
10.558950901031494	nan	1.2
10.570019006729126	nan	1.2
10.581056833267212	nan	1.2
10.5921151638031	nan	1.2
10.60265827178955	nan	1.2
10.613178968429565	nan	1.2
10.624256610870361	nan	1.2
10.635243654251099	nan	1.2
10.646177530288696	nan	1.2
10.65680456161499	nan	1.2
10.667314052581787	nan	1.2
10.678147554397583	nan	1.2
10.688964128494263	nan	1.2
10.699500322341919	nan	1.2
10.710258483886719	nan	1.2
10.721304655075073	nan	1.2
10.732254028320312	nan	1.2
10.742846250534058	nan	1.2
10.753544807434082	nan	1.2
10.764496088027954	nan	1.2
10.775249719619751	nan	1.2
10.786164045333862	nan	1.2
10.796895742416382	nan	1.2
10.807475566864014	nan	1.2
10.818349123001099	nan	1.2
10.828945875167847	nan	1.2
10.83975863456726	nan	1.2
10.850554943084717	nan	1.2
10.86117172241211	nan	1.2
10.871713876724243	nan	1.2
10.882339477539062	nan	1.2
10.892956018447876	nan	1.2
10.903690814971924	nan	1.2
10.914720058441162	nan	1.2
10.925524711608887	nan	1.2
10.936195135116577	nan	1.2
10.94725227355957	nan	1.2
10.957810401916504	nan	1.2
10.968427658081055	nan	1.2
10.979005575180054	nan	1.2
10.989539861679077	nan	1.2
11.000352382659912	nan	1.2
11.011295795440674	nan	1.2
11.021932125091553	nan	1.2
11.032497644424438	nan	1.2
11.043247938156128	nan	1.2
11.0541512966156	nan	1.2
11.064711570739746	nan	1.2
11.075608968734741	nan	1.2
11.086541414260864	nan	1.2
11.097233772277832	nan	1.2
11.108076572418213	nan	1.2
11.118962287902832	nan	1.2
11.12958812713623	nan	1.2
11.140530824661255	nan	1.2
11.151211023330688	nan	1.2
11.162102222442627	nan	1.2
11.172853946685791	nan	1.2
11.183475255966187	nan	1.2
11.194348335266113	nan	1.2
11.205389261245728	nan	1.2
11.216034173965454	nan	1.2
11.227064609527588	nan	1.2
11.237573862075806	nan	1.2
11.248369693756104	nan	1.2
11.259438753128052	nan	1.2
11.270182609558105	nan	1.2
11.281291723251343	nan	1.2
11.291865348815918	nan	1.2
11.302549600601196	nan	1.2
11.313172101974487	nan	1.2
11.3240385055542	nan	1.2
11.335044860839844	nan	1.2
11.345727682113647	nan	1.2
11.3563392162323	nan	1.2
11.36690616607666	nan	1.2
11.377799987792969	nan	1.2
11.388486862182617	nan	1.2
11.399306058883667	nan	1.2
11.410128116607666	nan	1.2
11.4207603931427	nan	1.2
11.431699991226196	nan	1.2
11.442213773727417	nan	1.2
11.453051328659058	nan	1.2
11.463610887527466	nan	1.2
11.474463701248169	nan	1.2
11.485407590866089	nan	1.2
11.495966911315918	nan	1.2
11.506591558456421	nan	1.2
11.517126560211182	nan	1.2
11.527750730514526	nan	1.2
11.538495779037476	nan	1.2
11.54917860031128	nan	1.2
11.560363054275513	nan	1.2
11.570951461791992	nan	1.2
11.58179235458374	nan	1.2
11.592822074890137	nan	1.2
11.603535890579224	nan	1.2
11.614470720291138	nan	1.2
11.625298500061035	nan	1.2
11.635904550552368	nan	1.2
11.646804332733154	nan	1.2
11.657624959945679	nan	1.2
11.668471813201904	nan	1.2
11.678996324539185	nan	1.2
11.68963885307312	nan	1.2
11.700188159942627	nan	1.2
11.710752010345459	nan	1.2
11.721357345581055	nan	1.2
11.732276439666748	nan	1.2
11.743033647537231	nan	1.2
11.754063606262207	nan	1.2
11.76505970954895	nan	1.2
11.775695085525513	nan	1.2
11.786307573318481	nan	1.2
11.797242164611816	nan	1.2
11.808457851409912	nan	1.2
11.819406270980835	nan	1.2
11.830139636993408	nan	1.2
11.841023683547974	nan	1.2
11.85197401046753	nan	1.2
11.862828254699707	nan	1.2
11.873822689056396	nan	1.2
11.8844575881958	nan	1.2
11.895020246505737	nan	1.2
11.905815362930298	nan	1.2
11.916858196258545	nan	1.2
11.928978681564331	nan	1.2
11.939931392669678	nan	1.2
11.950478553771973	nan	1.2
11.961374759674072	nan	1.2
11.971944570541382	nan	1.2
11.982524394989014	nan	1.2
11.993140935897827	nan	1.2
12.003960371017456	nan	1.2
12.01482367515564	nan	1.2
12.025391578674316	nan	1.2
12.03640103340149	nan	1.2
12.048659324645996	nan	1.2
12.059445142745972	nan	1.2
12.070021390914917	nan	1.2
12.080561876296997	nan	1.2
12.091189861297607	nan	1.2
12.10177493095398	nan	1.2
12.11231279373169	nan	1.2
12.12300443649292	nan	1.2
12.133599519729614	nan	1.2
12.144328355789185	nan	1.2
12.155372142791748	nan	1.2
12.1661696434021	nan	1.2
12.177075147628784	nan	1.2
12.187889099121094	nan	1.2
12.198632001876831	nan	1.2
12.209663391113281	nan	1.2
12.22053337097168	nan	1.2
12.231215715408325	nan	1.2
12.242043256759644	nan	1.2
12.252918481826782	nan	1.2
12.263507843017578	nan	1.2
12.27406120300293	nan	1.2
12.285000324249268	nan	1.2
12.295860052108765	nan	1.2
12.306403160095215	nan	1.2
12.317012786865234	nan	1.2
12.327590703964233	nan	1.2
12.338326215744019	nan	1.2
12.34920334815979	nan	1.2
12.359734773635864	nan	1.2
12.370402574539185	nan	1.2
12.381074666976929	nan	1.2
12.391689777374268	nan	1.2
12.402642011642456	nan	1.2
12.414665699005127	nan	1.2
12.425267696380615	nan	1.2
12.435864925384521	nan	1.2
12.446396112442017	nan	1.2
12.457334041595459	nan	1.2
12.468187808990479	nan	1.2
12.47883677482605	nan	1.2
12.489389657974243	nan	1.2
12.500086545944214	nan	1.2
12.510568857192993	nan	1.2
12.521104335784912	nan	1.2
12.531947612762451	nan	1.2
12.54247522354126	nan	1.2
12.553248643875122	nan	1.2
12.564852952957153	nan	1.2
12.575580358505249	nan	1.2
12.58645749092102	nan	1.2
12.597494125366211	nan	1.2
12.608169794082642	nan	1.2
12.618828535079956	nan	1.2
12.62958550453186	nan	1.2
12.640146493911743	nan	1.2
12.650979042053223	nan	1.2
12.661795139312744	nan	1.2
12.672699928283691	nan	1.2
12.683594942092896	nan	1.2
12.694195032119751	nan	1.2
12.704743385314941	nan	1.2
12.715502738952637	nan	1.2
12.726318359375	nan	1.2
12.737082719802856	nan	1.2
12.747942924499512	nan	1.2
12.758724451065063	nan	1.2
12.769266366958618	nan	1.2
12.7799551486969	nan	1.2
12.790487289428711	nan	1.2
12.80108380317688	nan	1.2
12.811583518981934	nan	1.2
12.822083473205566	nan	1.2
12.832908391952515	nan	1.2
12.843496799468994	nan	1.2
12.854222297668457	nan	1.2
12.864931344985962	nan	1.2
12.875970125198364	nan	1.2
12.886795282363892	nan	1.2
12.89777135848999	nan	1.2
12.908385753631592	nan	1.2
12.918912887573242	nan	1.2
12.929926872253418	nan	1.2
12.940587997436523	nan	1.2
12.95119595527649	nan	1.2
12.961844682693481	nan	1.2
12.972371816635132	nan	1.2
12.983066082000732	nan	1.2
12.993773937225342	nan	1.2
13.004451274871826	nan	1.2
13.015157699584961	nan	1.2
13.025887250900269	nan	1.2
13.036426305770874	nan	1.2
13.047461748123169	nan	1.2
13.058205842971802	nan	1.2
13.069131135940552	nan	1.2
13.079717636108398	nan	1.2
13.090253353118896	nan	1.2
13.10111689567566	nan	1.2
13.111916303634644	nan	1.2
13.122990846633911	nan	1.2
13.133534908294678	nan	1.2
13.144306421279907	nan	1.2
13.154894351959229	nan	1.2
13.165592193603516	nan	1.2
13.176618814468384	nan	1.2
13.187445402145386	nan	1.2
13.19815182685852	nan	1.2
13.209197282791138	nan	1.2
13.219861507415771	nan	1.2
13.230554819107056	nan	1.2
13.24155879020691	nan	1.2
13.252284526824951	nan	1.2
13.263301134109497	nan	1.2
13.274087905883789	nan	1.2
13.28469705581665	nan	1.2
13.295231342315674	nan	1.2
13.30625295639038	nan	1.2
13.316878080368042	nan	1.2
13.327927350997925	nan	1.2
13.33878231048584	nan	1.2
13.34964919090271	nan	1.2
13.360224485397339	nan	1.2
13.371265649795532	nan	1.2
13.382150411605835	nan	1.2
13.392977237701416	nan	1.2
13.403663635253906	nan	1.2
13.414941310882568	nan	1.2
13.425899982452393	nan	1.2
13.436803579330444	nan	1.2
13.44783091545105	nan	1.2
13.45869779586792	nan	1.2
13.469337463378906	nan	1.2
13.480376482009888	nan	1.2
13.490917444229126	nan	1.2
13.50144624710083	nan	1.2
13.511979103088379	nan	1.2
13.522512912750244	nan	1.2
13.534708261489868	nan	1.2
13.54570484161377	nan	1.2
13.556670188903809	nan	1.2
13.567380666732788	nan	1.2
13.578039646148682	nan	1.2
13.58865213394165	nan	1.2
13.59966778755188	nan	1.2
13.610205173492432	nan	1.2
13.620742559432983	nan	1.2
13.631646156311035	nan	1.2
13.642236709594727	nan	1.2
13.65289044380188	nan	1.2
13.663549900054932	nan	1.2
13.674359321594238	nan	1.2
13.685028553009033	nan	1.2
13.695573329925537	nan	1.2
13.706287622451782	nan	1.2
13.71714973449707	nan	1.2
13.72775912284851	nan	1.2
13.738857984542847	nan	1.2
13.749561309814453	nan	1.2
13.760172605514526	nan	1.2
13.771055221557617	nan	1.2
13.782098770141602	nan	1.2
13.792848825454712	nan	1.2
13.803508758544922	nan	1.2
13.814125776290894	nan	1.2
13.82500171661377	nan	1.2
13.835643291473389	nan	1.2
13.846241235733032	nan	1.2
13.857183456420898	nan	1.2
13.8677659034729	nan	1.2
13.879045248031616	nan	1.2
13.889597415924072	nan	1.2
13.900675773620605	nan	1.2
13.911707878112793	nan	1.2
13.92235517501831	nan	1.2
13.933084726333618	nan	1.2
13.943832159042358	nan	1.2
13.954802513122559	nan	1.2
13.965625286102295	nan	1.2
13.976169109344482	nan	1.2
13.986734867095947	nan	1.2
13.997535467147827	nan	1.2
14.00848388671875	nan	1.2
14.019506454467773	nan	1.2
14.030129432678223	nan	1.2
14.041079044342041	nan	1.2
14.051815271377563	nan	1.2
14.062641143798828	nan	1.2
14.073364734649658	nan	1.2
14.084414958953857	nan	1.2
14.09506630897522	nan	1.2
14.10600996017456	nan	1.2
14.11652946472168	nan	1.2
14.12710976600647	nan	1.2
14.13780951499939	nan	1.2
14.148514032363892	nan	1.2
14.159521102905273	nan	1.2
14.17033052444458	nan	1.2
14.181215524673462	nan	1.2
14.191716194152832	nan	1.2
14.202693700790405	nan	1.2
14.213482141494751	nan	1.2
14.22430157661438	nan	1.2
14.235089540481567	nan	1.2
14.2459397315979	nan	1.2
14.256630897521973	nan	1.2
14.267235517501831	nan	1.2
14.277865886688232	nan	1.2
14.288573503494263	nan	1.2
14.29910397529602	nan	1.2
14.31001091003418	nan	1.2
14.320987701416016	nan	1.2
14.331725597381592	nan	1.2
14.342494010925293	nan	1.2
14.35352087020874	nan	1.2
14.364182472229004	nan	1.2
14.375276803970337	nan	1.2
14.386033535003662	nan	1.2
14.397047996520996	nan	1.2
14.407613515853882	nan	1.2
14.418613195419312	nan	1.2
14.429199457168579	nan	1.2
14.440235376358032	nan	1.2
14.451110363006592	nan	1.2
14.461945295333862	nan	1.2
14.472550630569458	nan	1.2
14.483372926712036	nan	1.2
14.493882179260254	nan	1.2
14.504510164260864	nan	1.2
14.515156269073486	nan	1.2
14.53442907333374	nan	1.2
14.545667886734009	nan	1.2
14.556440830230713	nan	1.2
14.567006587982178	nan	1.2
14.577696561813354	nan	1.2
14.588801860809326	nan	1.2
14.599732160568237	nan	1.2
14.610763549804688	nan	1.2
14.621801376342773	nan	1.2
14.6323401927948	nan	1.2
14.643095254898071	nan	1.2
14.653685569763184	nan	1.2
14.664642333984375	nan	1.2
14.675432682037354	nan	1.2
14.686443328857422	nan	1.2
14.697048425674438	nan	1.2
14.70764446258545	nan	1.2
14.718199968338013	nan	1.2
14.728808641433716	nan	1.2
14.739770889282227	nan	1.2
14.750433683395386	nan	1.2
14.76088833808899	nan	1.2
14.771455764770508	nan	1.2
14.781996250152588	nan	1.2
14.792700052261353	nan	1.2
14.803373336791992	nan	1.2
14.814046144485474	nan	1.2
14.825076580047607	nan	1.2
14.83579683303833	nan	1.2
14.846774578094482	nan	1.2
14.857483148574829	nan	1.2
14.86827301979065	nan	1.2
14.878843545913696	nan	1.2
14.889354467391968	nan	1.2
14.90020203590393	nan	1.2
14.91075086593628	nan	1.2
14.921528816223145	nan	1.2
14.932108879089355	nan	1.2
14.942925453186035	nan	1.2
14.953464269638062	nan	1.2
14.964040756225586	nan	1.2
14.974912166595459	nan	1.2
14.985671281814575	nan	1.2
14.996654033660889	nan	1.2
15.007445812225342	nan	1.2
15.018081188201904	nan	1.2
15.028748750686646	nan	1.2
15.039498805999756	nan	1.2
15.05030369758606	nan	1.2
15.060983896255493	nan	1.2
15.071760654449463	nan	1.2
15.082434177398682	nan	1.2
15.093456745147705	nan	1.2
15.103989362716675	nan	1.2
15.115024328231812	nan	1.2
15.125638961791992	nan	1.2
15.13644790649414	nan	1.2
15.147395372390747	nan	1.2
15.158048391342163	nan	1.2
15.169249773025513	nan	1.2
15.180053234100342	nan	1.2
15.19092321395874	nan	1.2
15.201546430587769	nan	1.2
15.212142944335938	nan	1.2
15.222869396209717	nan	1.2
15.233465909957886	nan	1.2
15.244317293167114	nan	1.2
15.255109786987305	nan	1.2
15.265644788742065	nan	1.2
15.276709079742432	nan	1.2
15.287767887115479	nan	1.2
15.298645973205566	nan	1.2
15.3094322681427	nan	1.2
15.319976568222046	nan	1.2
15.330726146697998	nan	1.2
15.34146523475647	nan	1.2
15.352328538894653	nan	1.2
15.362892389297485	nan	1.2
15.373721361160278	nan	1.2
15.38434624671936	nan	1.2
15.3949613571167	nan	1.2
15.405585050582886	nan	1.2
15.416208267211914	nan	1.2
15.42725157737732	nan	1.2
15.43779468536377	nan	1.2
15.448566436767578	nan	1.2
15.459208965301514	nan	1.2
15.470540285110474	nan	1.2
15.481072187423706	nan	1.2
15.49181318283081	nan	1.2
15.502360105514526	nan	1.2
15.512890338897705	nan	1.2
15.52386736869812	nan	1.2
15.534683227539062	nan	1.2
15.54572582244873	nan	1.2
15.556259632110596	nan	1.2
15.567256689071655	nan	1.2
15.578104257583618	nan	1.2
15.589149713516235	nan	1.2
15.599680185317993	nan	1.2
15.610212087631226	nan	1.2
15.62124490737915	nan	1.2
15.632166624069214	nan	1.2
15.642844915390015	nan	1.2
15.653627395629883	nan	1.2
15.66454553604126	nan	1.2
15.675069570541382	nan	1.2
15.685731649398804	nan	1.2
15.696617841720581	nan	1.2
15.707151174545288	nan	1.2
15.717681407928467	nan	1.2
15.728707075119019	nan	1.2
15.739407777786255	nan	1.2
15.750239610671997	nan	1.2
15.760904312133789	nan	1.2
15.771490097045898	nan	1.2
15.782195806503296	nan	1.2
15.7932767868042	nan	1.2
