t_s	measured_width_mm	target_width_mm
0.0011506080627441406	nan	2.0
0.04696798324584961	nan	2.0
0.06019854545593262	nan	2.0
0.07503175735473633	nan	2.0
0.08982110023498535	nan	2.0
0.10403037071228027	nan	2.0
0.11638760566711426	nan	2.0
0.12878060340881348	nan	2.0
0.14136981964111328	nan	2.0
0.15433859825134277	nan	2.0
0.16794824600219727	nan	2.0
0.1813805103302002	nan	2.0
0.19432854652404785	nan	2.0
0.206801176071167	nan	2.0
0.22012805938720703	nan	2.0
0.23285198211669922	nan	2.0
0.244248628616333	nan	2.0
0.2558417320251465	nan	2.0
0.2677319049835205	nan	2.0
0.2800757884979248	nan	2.0
0.2917206287384033	nan	2.0
0.30377864837646484	nan	2.0
0.3154323101043701	nan	2.0
0.3277158737182617	nan	2.0
0.33986449241638184	nan	2.0
0.35178661346435547	nan	2.0
0.3639254570007324	nan	2.0
0.37627601623535156	nan	2.0
0.388063907623291	nan	2.0
0.4001963138580322	nan	2.0
0.4129607677459717	nan	2.0
0.4257218837738037	nan	2.0
0.4378368854522705	nan	2.0
0.4499855041503906	nan	2.0
0.46259427070617676	nan	2.0
0.47383904457092285	nan	2.0
0.4850583076477051	nan	2.0
0.4979891777038574	nan	2.0
0.5091402530670166	nan	2.0
0.5218853950500488	nan	2.0
0.5339107513427734	nan	2.0
0.5470788478851318	nan	2.0
0.5610809326171875	nan	2.0
0.5724630355834961	nan	2.0
0.5838809013366699	nan	2.0
0.5964407920837402	nan	2.0
0.6085131168365479	nan	2.0
0.6208510398864746	nan	2.0
0.6332898139953613	nan	2.0
0.644869327545166	nan	2.0
0.6569826602935791	nan	2.0
0.6681959629058838	nan	2.0
0.6796433925628662	nan	2.0
0.6913940906524658	nan	2.0
0.7027621269226074	nan	2.0
0.7144672870635986	nan	2.0
0.7263393402099609	nan	2.0
0.7380223274230957	nan	2.0
0.7499003410339355	nan	2.0
0.7611746788024902	nan	2.0
0.7723498344421387	nan	2.0
0.783893346786499	nan	2.0
0.7951374053955078	nan	2.0
0.8066349029541016	nan	2.0
0.8185040950775146	nan	2.0
0.8311097621917725	nan	2.0
0.843153715133667	nan	2.0
0.8549516201019287	nan	2.0
0.8666892051696777	nan	2.0
0.8798074722290039	nan	2.0
0.8935196399688721	nan	2.0
0.9071040153503418	nan	2.0
0.9273202419281006	nan	2.0
0.9466626644134521	nan	2.0
0.969003438949585	nan	2.0
0.986675500869751	nan	2.0
1.000680923461914	nan	2.0
1.013753890991211	nan	2.0
1.025676965713501	nan	2.0
1.0393297672271729	nan	2.0
1.0516738891601562	nan	2.0
1.066711187362671	nan	2.0
1.080432653427124	nan	2.0
1.0928425788879395	nan	2.0
1.1046347618103027	nan	2.0
1.1173603534698486	nan	2.0
1.1307947635650635	nan	2.0
1.1434192657470703	nan	2.0
1.1569766998291016	nan	2.0
1.169100284576416	nan	2.0
1.1816298961639404	nan	2.0
1.1932032108306885	nan	2.0
1.2073986530303955	nan	2.0
1.2196714878082275	nan	2.0
1.2359576225280762	nan	2.0
1.2484114170074463	nan	2.0
1.2604305744171143	nan	2.0
1.272207498550415	nan	2.0
1.28621244430542	nan	2.0
1.299246072769165	nan	2.0
1.3146626949310303	nan	2.0
1.3285725116729736	nan	2.0
1.341759443283081	nan	2.0
1.35447359085083	nan	2.0
1.3691961765289307	nan	2.0
1.381272792816162	nan	2.0
1.3969123363494873	nan	2.0
1.409128189086914	nan	2.0
1.4212403297424316	nan	2.0
1.434159755706787	nan	2.0
1.448418140411377	nan	2.0
1.4613051414489746	nan	2.0
1.476435899734497	nan	2.0
1.4894368648529053	nan	2.0
1.502206802368164	nan	2.0
1.514723539352417	nan	2.0
1.5288922786712646	nan	2.0
1.5415358543395996	nan	2.0
1.5547170639038086	nan	2.0
1.5698211193084717	nan	2.0
1.5823757648468018	nan	2.0
1.5949041843414307	nan	2.0
1.6090848445892334	nan	2.0
1.621720790863037	nan	2.0
1.63545560836792	nan	2.0
1.650242805480957	nan	2.0
1.6656243801116943	nan	2.0
1.6809914112091064	nan	2.0
1.6938130855560303	nan	2.0
1.7063286304473877	nan	2.0
1.7218902111053467	nan	2.0
1.7378461360931396	nan	2.0
1.7512564659118652	nan	2.0
1.7677597999572754	nan	2.0
1.780989170074463	nan	2.0
1.7942347526550293	nan	2.0
1.809340476989746	nan	2.0
1.828359842300415	nan	2.0
1.845771312713623	nan	2.0
1.8598823547363281	nan	2.0
1.878490686416626	nan	2.0
1.8956844806671143	nan	2.0
1.9092381000518799	nan	2.0
1.9260303974151611	nan	2.0
1.938856840133667	nan	2.0
1.9557249546051025	nan	2.0
1.9716551303863525	nan	2.0
1.9854319095611572	nan	2.0
1.9992833137512207	nan	2.0
2.012234926223755	nan	2.0
2.02607798576355	nan	2.0
2.038846731185913	nan	2.0
2.0532989501953125	nan	2.0
2.0665173530578613	nan	2.0
2.0826046466827393	nan	2.0
2.0956203937530518	nan	2.0
2.108309507369995	nan	2.0
2.1209981441497803	nan	2.0
2.1364388465881348	nan	2.0
2.15002179145813	nan	2.0
2.1664230823516846	nan	2.0
2.180650472640991	nan	2.0
2.1933484077453613	nan	2.0
2.2076451778411865	nan	2.0
2.221689462661743	nan	2.0
2.2344441413879395	nan	2.0
2.249668598175049	nan	2.0
2.2630279064178467	nan	2.0
2.274570941925049	nan	2.0
2.2879323959350586	nan	2.0
2.300762891769409	nan	2.0
2.312249183654785	nan	2.0
2.324444055557251	nan	2.0
2.336895227432251	nan	2.0
2.3493776321411133	nan	2.0
2.36254620552063	nan	2.0
2.376230239868164	nan	2.0
2.3879711627960205	nan	2.0
2.399667501449585	nan	2.0
2.4114272594451904	nan	2.0
2.424989700317383	nan	2.0
2.4365530014038086	nan	2.0
2.4502766132354736	nan	2.0
2.4619081020355225	nan	2.0
2.473850727081299	nan	2.0
2.485462188720703	nan	2.0
2.500001907348633	nan	2.0
2.5130422115325928	nan	2.0
2.527189254760742	nan	2.0
2.539153575897217	nan	2.0
2.550865888595581	nan	2.0
2.5632269382476807	nan	2.0
2.5775346755981445	nan	2.0
2.5894956588745117	nan	2.0
2.608665704727173	nan	2.0
2.6226673126220703	nan	2.0
2.634025812149048	nan	2.0
2.6507370471954346	nan	2.0
2.6685054302215576	nan	2.0
2.6832258701324463	nan	2.0
2.6976048946380615	nan	2.0
2.7093238830566406	nan	2.0
2.7221803665161133	nan	2.0
2.735520124435425	nan	2.0
2.747553825378418	nan	2.0
2.759503126144409	nan	2.0
2.774021863937378	nan	2.0
2.785482406616211	nan	2.0
2.796978712081909	nan	2.0
2.808821201324463	nan	2.0
2.824061393737793	nan	2.0
2.8399946689605713	nan	2.0
2.854782819747925	nan	2.0
2.867002010345459	nan	2.0
2.878568410873413	nan	2.0
2.890711784362793	nan	2.0
2.9048523902893066	nan	2.0
2.9172022342681885	nan	2.0
2.9326417446136475	nan	2.0
2.9451181888580322	nan	2.0
2.957796573638916	nan	2.0
2.9701685905456543	nan	2.0
2.984677791595459	nan	2.0
2.9965264797210693	nan	2.0
3.011445999145508	nan	2.0
3.0240259170532227	nan	2.0
3.0356056690216064	nan	2.0
3.048043727874756	nan	2.0
3.061798334121704	nan	2.0
3.0737860202789307	nan	2.0
3.0859251022338867	nan	2.0
3.099332094192505	nan	2.0
3.1136863231658936	nan	2.0
3.1258673667907715	nan	2.0
3.141510248184204	nan	2.0
3.154022693634033	nan	2.0
3.166666030883789	nan	2.0
3.179654121398926	nan	2.0
3.194133758544922	nan	2.0
3.2065913677215576	nan	2.0
3.2206671237945557	nan	2.0
3.2329914569854736	nan	2.0
3.2450082302093506	nan	2.0
3.257944107055664	nan	2.0
3.2731289863586426	nan	2.0
3.2854063510894775	nan	2.0
3.300499439239502	nan	2.0
3.3126912117004395	nan	2.0
3.324477195739746	nan	2.0
3.3361613750457764	nan	2.0
3.3513994216918945	nan	2.0
3.364070177078247	nan	2.0
3.378617525100708	nan	2.0
3.3910655975341797	nan	2.0
3.403015375137329	nan	2.0
3.41479229927063	nan	2.0
3.4281399250030518	nan	2.0
3.4399473667144775	nan	2.0
3.4528844356536865	nan	2.0
3.4678258895874023	nan	2.0
3.4798851013183594	nan	2.0
3.491328716278076	nan	2.0
3.507550001144409	nan	2.0
3.5203442573547363	nan	2.0
3.5327939987182617	nan	2.0
3.547478199005127	nan	2.0
3.5601589679718018	nan	2.0
3.572326421737671	nan	2.0
3.5871942043304443	nan	2.0
3.599404811859131	nan	2.0
3.6120705604553223	nan	2.0
3.6267952919006348	nan	2.0
3.6390697956085205	nan	2.0
3.6513237953186035	nan	2.0
3.6663832664489746	nan	2.0
3.6799144744873047	nan	2.0
3.6931095123291016	nan	2.0
3.707270383834839	nan	2.0
3.720006227493286	nan	2.0
3.7366580963134766	nan	2.0
3.7525200843811035	nan	2.0
3.764831781387329	nan	2.0
3.7791061401367188	nan	2.0
3.791539430618286	nan	2.0
3.804318904876709	nan	2.0
3.818108558654785	nan	2.0
3.834210157394409	nan	2.0
3.8529915809631348	nan	2.0
3.869441509246826	nan	2.0
3.8861000537872314	nan	2.0
3.9017415046691895	nan	2.0
3.9177074432373047	nan	2.0
3.9344990253448486	nan	2.0
3.9484822750091553	nan	2.0
3.963667154312134	nan	2.0
3.9762024879455566	nan	2.0
3.990776300430298	nan	2.0
4.003451347351074	nan	2.0
4.016027927398682	nan	2.0
4.029392957687378	nan	2.0
4.043391227722168	nan	2.0
4.055810928344727	nan	2.0
4.071943521499634	nan	2.0
4.085286617279053	nan	2.0
4.098576545715332	nan	2.0
4.113345384597778	nan	2.0
4.1263697147369385	nan	2.0
4.139992713928223	nan	2.0
4.154839038848877	nan	2.0
4.16756272315979	nan	2.0
4.185916423797607	nan	2.0
4.204508066177368	nan	2.0
4.2224509716033936	nan	2.0
4.236097574234009	nan	2.0
4.2504003047943115	nan	2.0
4.263806581497192	nan	2.0
4.279067754745483	nan	2.0
4.291302442550659	nan	2.0
4.306891441345215	nan	2.0
4.319730997085571	nan	2.0
4.331847667694092	nan	2.0
4.344368934631348	nan	2.0
4.359729528427124	nan	2.0
4.372224569320679	nan	2.0
4.387664079666138	nan	2.0
4.400658130645752	nan	2.0
4.412679195404053	nan	2.0
4.42543888092041	nan	2.0
4.440828561782837	nan	2.0
4.453836441040039	nan	2.0
4.469831705093384	nan	2.0
4.483047962188721	nan	2.0
4.495511770248413	nan	2.0
4.508787631988525	nan	2.0
4.521716117858887	nan	2.0
4.53402853012085	nan	2.0
4.546863555908203	nan	2.0
4.564693927764893	nan	2.0
4.579057216644287	nan	2.0
4.593912124633789	nan	2.0
4.606037378311157	nan	2.0
4.617532968521118	nan	2.0
4.62926459312439	nan	2.0
4.645344972610474	nan	2.0
4.6627748012542725	nan	2.0
4.6844940185546875	nan	2.0
4.69940185546875	nan	2.0
4.712207078933716	nan	2.0
4.729503393173218	nan	2.0
4.74083948135376	nan	2.0
4.756388187408447	nan	2.0
4.769683361053467	nan	2.0
4.782764196395874	nan	2.0
4.799924850463867	nan	2.0
4.818821430206299	nan	2.0
4.83993673324585	nan	2.0
4.85825252532959	nan	2.0
4.876405954360962	nan	2.0
4.897840261459351	nan	2.0
4.918154954910278	nan	2.0
4.934068441390991	nan	2.0
4.9492316246032715	nan	2.0
4.968415975570679	nan	2.0
4.982805490493774	nan	2.0
5.000756025314331	nan	2.0
5.0194971561431885	nan	2.0
5.037203311920166	nan	2.0
5.051856517791748	nan	2.0
5.066447734832764	nan	2.0
5.08098840713501	nan	2.0
5.09410834312439	nan	2.0
5.107093811035156	nan	2.0
5.123164176940918	nan	2.0
5.136244535446167	nan	2.0
5.150737047195435	nan	2.0
5.165085792541504	nan	2.0
5.178115367889404	nan	2.0
5.191800355911255	nan	2.0
5.210118055343628	nan	2.0
5.227646112442017	nan	2.0
5.244375944137573	nan	2.0
5.258400201797485	nan	2.0
5.2716734409332275	nan	2.0
5.286468744277954	nan	2.0
5.301384687423706	nan	2.0
5.31424880027771	nan	2.0
5.329952955245972	nan	2.0
5.342810869216919	nan	2.0
5.356248378753662	nan	2.0
5.371167421340942	nan	2.0
5.38458776473999	nan	2.0
5.3976757526397705	nan	2.0
5.412156105041504	nan	2.0
5.425849914550781	nan	2.0
5.443720817565918	nan	2.0
5.4585840702056885	nan	2.0
5.472784996032715	nan	2.0
5.4879841804504395	nan	2.0
5.501730918884277	nan	2.0
5.516115665435791	nan	2.0
5.5302348136901855	nan	2.0
5.542177200317383	nan	2.0
5.554306507110596	nan	2.0
5.566983699798584	nan	2.0
5.579373598098755	nan	2.0
5.5910680294036865	nan	2.0
5.605260372161865	nan	2.0
5.618735313415527	nan	2.0
5.630730390548706	nan	2.0
5.644665002822876	nan	2.0
5.659084320068359	nan	2.0
5.671915054321289	nan	2.0
5.6887829303741455	nan	2.0
5.702045679092407	nan	2.0
5.716606140136719	nan	2.0
5.733980655670166	nan	2.0
5.753641128540039	nan	2.0
5.771334409713745	nan	2.0
5.790175914764404	nan	2.0
5.803769111633301	nan	2.0
5.8182594776153564	nan	2.0
5.834310054779053	nan	2.0
5.852286338806152	nan	2.0
5.869071006774902	nan	2.0
5.890682220458984	nan	2.0
5.91091513633728	nan	2.0
5.929901838302612	nan	2.0
5.946760892868042	nan	2.0
5.962201356887817	nan	2.0
5.9772539138793945	nan	2.0
5.989495277404785	nan	2.0
6.006911039352417	nan	2.0
6.023784399032593	nan	2.0
6.037215948104858	nan	2.0
6.052118301391602	nan	2.0
6.065500020980835	nan	2.0
6.079870939254761	nan	2.0
6.0967936515808105	nan	2.0
6.112298965454102	nan	2.0
6.130068778991699	nan	2.0
6.147092342376709	nan	2.0
6.164963006973267	nan	2.0
6.185674428939819	nan	2.0
6.200347900390625	nan	2.0
6.216597080230713	nan	2.0
6.228979825973511	nan	2.0
6.241064548492432	nan	2.0
6.255554437637329	nan	2.0
6.270387172698975	nan	2.0
6.284968614578247	nan	2.0
6.299787282943726	nan	2.0
6.312192440032959	nan	2.0
6.329561948776245	nan	2.0
6.350322008132935	nan	2.0
6.3676958084106445	nan	2.0
6.381472826004028	nan	2.0
6.393794536590576	nan	2.0
6.405860185623169	nan	2.0
6.419370412826538	nan	2.0
6.431632041931152	nan	2.0
6.444448232650757	nan	2.0
6.458528757095337	nan	2.0
6.4714250564575195	nan	2.0
6.483198404312134	nan	2.0
6.496726036071777	nan	2.0
6.509026765823364	nan	2.0
6.5222008228302	nan	2.0
6.5359907150268555	nan	2.0
6.548559188842773	nan	2.0
6.560778856277466	nan	2.0
6.573712348937988	nan	2.0
6.587553977966309	nan	2.0
6.5996246337890625	nan	2.0
6.6140217781066895	nan	2.0
6.626704931259155	nan	2.0
6.6387481689453125	nan	2.0
6.652953863143921	nan	2.0
6.671441078186035	nan	2.0
6.692328214645386	nan	2.0
6.711411237716675	nan	2.0
6.736478805541992	nan	2.0
6.756369352340698	nan	2.0
6.77673864364624	nan	2.0
6.796340227127075	nan	2.0
6.816787958145142	nan	2.0
6.838311672210693	nan	2.0
6.8584136962890625	nan	2.0
6.879010200500488	nan	2.0
6.901027202606201	nan	2.0
6.920734882354736	nan	2.0
6.941573858261108	nan	2.0
6.961567163467407	nan	2.0
6.9815449714660645	nan	2.0
6.996426105499268	nan	2.0
7.010671377182007	nan	2.0
7.0270304679870605	nan	2.0
7.040048122406006	nan	2.0
7.0529327392578125	nan	2.0
7.066747665405273	nan	2.0
7.0791237354278564	nan	2.0
7.091351747512817	nan	2.0
7.107244491577148	nan	2.0
7.119878768920898	nan	2.0
7.133842945098877	nan	2.0
7.1483142375946045	nan	2.0
7.160778045654297	nan	2.0
7.173354148864746	nan	2.0
7.187130451202393	nan	2.0
7.199008226394653	nan	2.0
7.213050365447998	nan	2.0
7.227525949478149	nan	2.0
7.239536285400391	nan	2.0
7.251957416534424	nan	2.0
7.267735719680786	nan	2.0
7.286089897155762	nan	2.0
7.308403253555298	nan	2.0
7.328486442565918	nan	2.0
7.3495402336120605	nan	2.0
7.3689210414886475	nan	2.0
7.386538028717041	nan	2.0
7.398840427398682	nan	2.0
7.410646677017212	nan	2.0
7.424400091171265	nan	2.0
7.436685085296631	nan	2.0
7.45430326461792	nan	2.0
7.4742817878723145	nan	2.0
7.4870123863220215	nan	2.0
7.501608848571777	nan	2.0
7.5153608322143555	nan	2.0
7.527314186096191	nan	2.0
7.541885137557983	nan	2.0
7.5544633865356445	nan	2.0
7.566447734832764	nan	2.0
7.579115629196167	nan	2.0
7.593189716339111	nan	2.0
7.605851411819458	nan	2.0
7.618293523788452	nan	2.0
7.634085178375244	nan	2.0
7.64722752571106	nan	2.0
7.661072492599487	nan	2.0
7.674241304397583	nan	2.0
7.686988115310669	nan	2.0
7.6994102001190186	nan	2.0
7.713158845901489	nan	2.0
7.726759195327759	nan	2.0
7.740154266357422	nan	2.0
7.753787994384766	nan	2.0
7.765857934951782	nan	2.0
7.777827501296997	nan	2.0
7.791866779327393	nan	2.0
7.804946660995483	nan	2.0
7.816906213760376	nan	2.0
7.834986448287964	nan	2.0
7.853312730789185	nan	2.0
7.870740652084351	nan	2.0
7.88467264175415	nan	2.0
7.90047025680542	nan	2.0
7.918230772018433	nan	2.0
7.934658527374268	nan	2.0
7.953177213668823	nan	2.0
7.968448162078857	nan	2.0
7.986058235168457	nan	2.0
8.00143814086914	nan	2.0
8.01589298248291	nan	2.0
8.033166646957397	nan	2.0
8.051758527755737	nan	2.0
8.068074703216553	nan	2.0
8.082931518554688	nan	2.0
8.097808361053467	nan	2.0
8.11525821685791	nan	2.0
8.13400650024414	nan	2.0
8.15354585647583	nan	2.0
8.173216342926025	nan	2.0
8.191272497177124	nan	2.0
8.207629442214966	nan	2.0
8.222100973129272	nan	2.0
8.235779047012329	nan	2.0
8.248574256896973	nan	2.0
8.26149606704712	nan	2.0
8.27622389793396	nan	2.0
8.288801670074463	nan	2.0
8.303091049194336	nan	2.0
8.315911769866943	nan	2.0
8.32868480682373	nan	2.0
8.341251373291016	nan	2.0
8.356333255767822	nan	2.0
8.369069576263428	nan	2.0
8.381374597549438	nan	2.0
8.39452314376831	nan	2.0
8.408458232879639	nan	2.0
8.420517683029175	nan	2.0
8.434950590133667	nan	2.0
8.4481201171875	nan	2.0
8.460290431976318	nan	2.0
8.472767114639282	nan	2.0
8.48706841468811	nan	2.0
8.499998092651367	nan	2.0
8.515522718429565	nan	2.0
8.52859878540039	nan	2.0
8.540875673294067	nan	2.0
8.55486536026001	nan	2.0
8.569474935531616	nan	2.0
8.593934297561646	nan	2.0
8.60716462135315	nan	2.0
8.619989156723022	nan	2.0
8.63248085975647	nan	2.0
8.647194862365723	nan	2.0
8.659810304641724	nan	2.0
8.675526142120361	nan	2.0
8.688426733016968	nan	2.0
8.70124888420105	nan	2.0
8.713438510894775	nan	2.0
8.731603145599365	nan	2.0
8.743799209594727	nan	2.0
8.75816535949707	nan	2.0
8.771055698394775	nan	2.0
8.78385591506958	nan	2.0
8.79991340637207	nan	2.0
8.814127922058105	nan	2.0
8.827378749847412	nan	2.0
8.845032453536987	nan	2.0
8.859651565551758	nan	2.0
8.872879266738892	nan	2.0
8.888063907623291	nan	2.0
8.901276111602783	nan	2.0
8.916314601898193	nan	2.0
8.928736448287964	nan	2.0
8.941632270812988	nan	2.0
8.954842329025269	nan	2.0
8.969838619232178	nan	2.0
8.98362922668457	nan	2.0
8.997917890548706	nan	2.0
9.010247707366943	nan	2.0
9.022312879562378	nan	2.0
9.034355878829956	nan	2.0
9.04806661605835	nan	2.0
9.060595512390137	nan	2.0
9.07202672958374	nan	2.0
9.08382797241211	nan	2.0
9.09831428527832	nan	2.0
9.109781742095947	nan	2.0
9.123626470565796	nan	2.0
9.13476848602295	nan	2.0
9.146230697631836	nan	2.0
9.157568216323853	nan	2.0
9.171640634536743	nan	2.0
9.184839487075806	nan	2.0
9.197861433029175	nan	2.0
9.209569215774536	nan	2.0
9.22139048576355	nan	2.0
9.233587503433228	nan	2.0
9.24702000617981	nan	2.0
9.260406732559204	nan	2.0
9.271855354309082	nan	2.0
9.285953283309937	nan	2.0
9.297567129135132	nan	2.0
9.309457063674927	nan	2.0
9.321780443191528	nan	2.0
9.33650279045105	nan	2.0
9.348483800888062	nan	2.0
9.36180329322815	nan	2.0
9.372994899749756	nan	2.0
9.384336471557617	nan	2.0
9.396186828613281	nan	2.0
9.41068696975708	nan	2.0
9.422069311141968	nan	2.0
9.433883905410767	nan	2.0
9.447314977645874	nan	2.0
9.458937883377075	nan	2.0
9.47085952758789	nan	2.0
9.483375310897827	nan	2.0
9.496108293533325	nan	2.0
9.50814414024353	nan	2.0
9.52132272720337	nan	2.0
9.53311038017273	nan	2.0
9.544769525527954	nan	2.0
9.556248426437378	nan	2.0
9.571099281311035	nan	2.0
9.585543155670166	nan	2.0
9.600218772888184	nan	2.0
9.611896753311157	nan	2.0
9.62329363822937	nan	2.0
9.634526491165161	nan	2.0
9.649083137512207	nan	2.0
9.660670757293701	nan	2.0
9.671738624572754	nan	2.0
9.685695171356201	nan	2.0
9.697311639785767	nan	2.0
9.708398818969727	nan	2.0
9.720605373382568	nan	2.0
9.735182762145996	nan	2.0
9.746346950531006	nan	2.0
9.759206533432007	nan	2.0
9.771618366241455	nan	2.0
9.783106088638306	nan	2.0
9.794395923614502	nan	2.0
9.808026552200317	nan	2.0
9.819505453109741	nan	2.0
9.831835269927979	nan	2.0
9.84681487083435	nan	2.0
9.86117172241211	nan	2.0
9.875392198562622	nan	2.0
9.891268968582153	nan	2.0
9.905308723449707	nan	2.0
9.920678615570068	nan	2.0
9.936237812042236	nan	2.0
9.951045274734497	nan	2.0
9.963497877120972	nan	2.0
9.977674722671509	nan	2.0
9.98931884765625	nan	2.0
10.000723600387573	nan	2.0
10.013397455215454	nan	2.0
10.026743412017822	nan	2.0
10.038098335266113	nan	2.0
10.052684307098389	nan	2.0
10.06514835357666	nan	2.0
10.077138185501099	nan	2.0
10.089083909988403	nan	2.0
10.103527307510376	nan	2.0
10.115064859390259	nan	2.0
10.129681587219238	nan	2.0
10.141991138458252	nan	2.0
10.15358853340149	nan	2.0
10.165566444396973	nan	2.0
10.180328607559204	nan	2.0
10.192588329315186	nan	2.0
10.207002878189087	nan	2.0
10.21929383277893	nan	2.0
10.230942010879517	nan	2.0
10.242264986038208	nan	2.0
10.256040573120117	nan	2.0
10.268956422805786	nan	2.0
10.281844854354858	nan	2.0
10.295799970626831	nan	2.0
10.30824899673462	nan	2.0
10.320240259170532	nan	2.0
10.33469295501709	nan	2.0
10.3476722240448	nan	2.0
10.359183073043823	nan	2.0
10.37394642829895	nan	2.0
10.386086702346802	nan	2.0
10.39801836013794	nan	2.0
10.410398483276367	nan	2.0
10.423725366592407	nan	2.0
10.43532419204712	nan	2.0
10.448875665664673	nan	2.0
10.460867166519165	nan	2.0
10.472981452941895	nan	2.0
10.48466420173645	nan	2.0
10.498350143432617	nan	2.0
10.510069847106934	nan	2.0
10.523186683654785	nan	2.0
10.537334442138672	nan	2.0
10.549318075180054	nan	2.0
10.561203718185425	nan	2.0
10.573841571807861	nan	2.0
10.589914321899414	nan	2.0
10.602027177810669	nan	2.0
10.61394214630127	nan	2.0
10.62761926651001	nan	2.0
10.639561176300049	nan	2.0
10.652442932128906	nan	2.0
10.667122602462769	nan	2.0
10.679214239120483	nan	2.0
10.691104412078857	nan	2.0
10.705565929412842	nan	2.0
10.71820330619812	nan	2.0
10.731999158859253	nan	2.0
10.745376825332642	nan	2.0
10.757136106491089	nan	2.0
10.76942253112793	nan	2.0
10.783945083618164	nan	2.0
10.797099828720093	nan	2.0
10.809077501296997	nan	2.0
10.823569059371948	nan	2.0
10.83800220489502	nan	2.0
10.85378885269165	nan	2.0
10.867627620697021	nan	2.0
10.87966799736023	nan	2.0
10.891820907592773	nan	2.0
10.904987812042236	nan	2.0
10.917534351348877	nan	2.0
10.929738998413086	nan	2.0
10.944314241409302	nan	2.0
10.956638097763062	nan	2.0
10.96846604347229	nan	2.0
10.982690572738647	nan	2.0
10.994622945785522	nan	2.0
11.006263732910156	nan	2.0
11.018053770065308	nan	2.0
11.032069206237793	nan	2.0
11.044137001037598	nan	2.0
11.057739973068237	nan	2.0
11.069998741149902	nan	2.0
11.081867456436157	nan	2.0
11.093594789505005	nan	2.0
11.109236001968384	nan	2.0
11.121238708496094	nan	2.0
11.134577512741089	nan	2.0
11.147264242172241	nan	2.0
11.159213066101074	nan	2.0
11.170727968215942	nan	2.0
11.185176372528076	nan	2.0
11.197155475616455	nan	2.0
11.208684921264648	nan	2.0
11.222832679748535	nan	2.0
11.234580516815186	nan	2.0
11.246251106262207	nan	2.0
11.258227825164795	nan	2.0
11.272916793823242	nan	2.0
11.284415006637573	nan	2.0
11.298234224319458	nan	2.0
11.310118913650513	nan	2.0
11.321769952774048	nan	2.0
11.333664417266846	nan	2.0
11.34781265258789	nan	2.0
11.359570980072021	nan	2.0
11.37106728553772	nan	2.0
11.382265567779541	nan	2.0
11.397631168365479	nan	2.0
11.409169673919678	nan	2.0
11.422226190567017	nan	2.0
11.434902667999268	nan	2.0
11.446346998214722	nan	2.0
11.458061456680298	nan	2.0
11.473229169845581	nan	2.0
11.485365390777588	nan	2.0
11.498239755630493	nan	2.0
11.512775421142578	nan	2.0
11.524688959121704	nan	2.0
11.536410808563232	nan	2.0
11.549591064453125	nan	2.0
11.563721895217896	nan	2.0
11.575135946273804	nan	2.0
11.590441226959229	nan	2.0
11.603829383850098	nan	2.0
11.614974737167358	nan	2.0
11.627824306488037	nan	2.0
11.64145040512085	nan	2.0
11.652991533279419	nan	2.0
11.66703486442566	nan	2.0
11.678755521774292	nan	2.0
11.690933227539062	nan	2.0
11.7023606300354	nan	2.0
11.716378927230835	nan	2.0
11.732198238372803	nan	2.0
11.745778799057007	nan	2.0
11.75739073753357	nan	2.0
11.769454956054688	nan	2.0
11.781147241592407	nan	2.0
11.79544448852539	nan	2.0
11.807769060134888	nan	2.0
11.820122241973877	nan	2.0
11.834471464157104	nan	2.0
11.850245237350464	nan	2.0
11.866704940795898	nan	2.0
11.882608413696289	nan	2.0
11.899745464324951	nan	2.0
11.914308071136475	nan	2.0
11.930742740631104	nan	2.0
11.94475269317627	nan	2.0
11.960909366607666	nan	2.0
11.972903728485107	nan	2.0
11.986709356307983	nan	2.0
11.998768091201782	nan	2.0
12.010180234909058	nan	2.0
12.022160768508911	nan	2.0
12.036791324615479	nan	2.0
12.048768043518066	nan	2.0
12.06261682510376	nan	2.0
12.075814485549927	nan	2.0
12.088465213775635	nan	2.0
12.10019063949585	nan	2.0
12.1141037940979	nan	2.0
12.126415729522705	nan	2.0
12.13891863822937	nan	2.0
12.151026725769043	nan	2.0
12.165178775787354	nan	2.0
12.177459001541138	nan	2.0
12.193991661071777	nan	2.0
12.206943273544312	nan	2.0
12.218848943710327	nan	2.0
12.230751514434814	nan	2.0
12.246780157089233	nan	2.0
12.258918046951294	nan	2.0
12.274903297424316	nan	2.0
12.286923170089722	nan	2.0
12.2992422580719	nan	2.0
12.311436414718628	nan	2.0
12.32597827911377	nan	2.0
12.33825135231018	nan	2.0
12.354158878326416	nan	2.0
12.366325378417969	nan	2.0
12.378355741500854	nan	2.0
12.390053510665894	nan	2.0
12.40538239479065	nan	2.0
12.41765022277832	nan	2.0
12.433146238327026	nan	2.0
12.44557499885559	nan	2.0
12.457714796066284	nan	2.0
12.469988107681274	nan	2.0
12.485263347625732	nan	2.0
12.497193574905396	nan	2.0
12.510626077651978	nan	2.0
12.523850679397583	nan	2.0
12.535374879837036	nan	2.0
12.547506093978882	nan	2.0
12.561173915863037	nan	2.0
12.57631516456604	nan	2.0
12.589750528335571	nan	2.0
12.602579832077026	nan	2.0
12.614025115966797	nan	2.0
12.62581753730774	nan	2.0
12.63868522644043	nan	2.0
12.651654720306396	nan	2.0
12.663785934448242	nan	2.0
12.678147792816162	nan	2.0
12.690514087677002	nan	2.0
12.703226804733276	nan	2.0
12.71530556678772	nan	2.0
12.72970724105835	nan	2.0
12.742141246795654	nan	2.0
12.75748872756958	nan	2.0
12.770272254943848	nan	2.0
12.783397674560547	nan	2.0
12.79571008682251	nan	2.0
12.809806108474731	nan	2.0
12.821803092956543	nan	2.0
12.835737466812134	nan	2.0
12.847910642623901	nan	2.0
12.860594034194946	nan	2.0
12.874115943908691	nan	2.0
12.88868236541748	nan	2.0
12.901129961013794	nan	2.0
12.914791584014893	nan	2.0
12.929304122924805	nan	2.0
12.942027568817139	nan	2.0
12.954333543777466	nan	2.0
12.968896627426147	nan	2.0
12.980858087539673	nan	2.0
12.99266505241394	nan	2.0
13.006510972976685	nan	2.0
13.019928455352783	nan	2.0
13.031554460525513	nan	2.0
13.04677963256836	nan	2.0
13.059460639953613	nan	2.0
13.071373224258423	nan	2.0
13.083569288253784	nan	2.0
13.098186254501343	nan	2.0
13.11013412475586	nan	2.0
13.125043153762817	nan	2.0
13.1369948387146	nan	2.0
13.14883828163147	nan	2.0
13.160478115081787	nan	2.0
13.175471782684326	nan	2.0
13.18848180770874	nan	2.0
13.203863382339478	nan	2.0
13.215803623199463	nan	2.0
13.227805376052856	nan	2.0
13.239668369293213	nan	2.0
13.253533840179443	nan	2.0
13.265760660171509	nan	2.0
13.280049800872803	nan	2.0
13.292709350585938	nan	2.0
13.304932355880737	nan	2.0
13.316673278808594	nan	2.0
13.33284592628479	nan	2.0
13.345280170440674	nan	2.0
13.360143423080444	nan	2.0
13.372947692871094	nan	2.0
13.386679410934448	nan	2.0
13.40416407585144	nan	2.0
13.421186208724976	nan	2.0
13.435787439346313	nan	2.0
13.449892044067383	nan	2.0
13.462146997451782	nan	2.0
13.475492477416992	nan	2.0
13.491440773010254	nan	2.0
13.504602909088135	nan	2.0
13.520552158355713	nan	2.0
13.53350567817688	nan	2.0
13.54683542251587	nan	2.0
13.56071400642395	nan	2.0
13.580448150634766	nan	2.0
13.598092794418335	nan	2.0
13.613608121871948	nan	2.0
13.628779649734497	nan	2.0
13.640789031982422	nan	2.0
13.65590500831604	nan	2.0
13.66831922531128	nan	2.0
13.680239915847778	nan	2.0
13.69414758682251	nan	2.0
13.707956075668335	nan	2.0
13.719893455505371	nan	2.0
13.736119985580444	nan	2.0
13.74881100654602	nan	2.0
13.763038873672485	nan	2.0
13.780184984207153	nan	2.0
13.796364068984985	nan	2.0
13.811094045639038	nan	2.0
13.823190450668335	nan	2.0
13.834786176681519	nan	2.0
13.846438884735107	nan	2.0
13.860082626342773	nan	2.0
13.872587442398071	nan	2.0
13.88571810722351	nan	2.0
13.899603605270386	nan	2.0
13.913753271102905	nan	2.0
13.927594184875488	nan	2.0
13.943938732147217	nan	2.0
13.95659875869751	nan	2.0
13.973042726516724	nan	2.0
13.990025520324707	nan	2.0
14.006555795669556	nan	2.0
14.0218985080719	nan	2.0
14.037619829177856	nan	2.0
14.054028987884521	nan	2.0
14.066985845565796	nan	2.0
14.079265117645264	nan	2.0
14.092170715332031	nan	2.0
14.107308149337769	nan	2.0
14.119713068008423	nan	2.0
14.134495496749878	nan	2.0
14.147254228591919	nan	2.0
14.159374952316284	nan	2.0
14.17223572731018	nan	2.0
14.186569213867188	nan	2.0
14.199850082397461	nan	2.0
14.213934421539307	nan	2.0
14.226800441741943	nan	2.0
14.239087104797363	nan	2.0
14.253873825073242	nan	2.0
14.269081830978394	nan	2.0
14.282176971435547	nan	2.0
14.297030448913574	nan	2.0
14.309663534164429	nan	2.0
14.322081804275513	nan	2.0
14.338545322418213	nan	2.0
14.350911617279053	nan	2.0
14.363439321517944	nan	2.0
14.375637292861938	nan	2.0
14.390007257461548	nan	2.0
14.402983665466309	nan	2.0
14.416375398635864	nan	2.0
14.431901216506958	nan	2.0
14.448939561843872	nan	2.0
14.467591762542725	nan	2.0
14.480872392654419	nan	2.0
14.495673179626465	nan	2.0
14.508610010147095	nan	2.0
14.520780563354492	nan	2.0
14.532995700836182	nan	2.0
14.550074815750122	nan	2.0
14.564717054367065	nan	2.0
14.581032276153564	nan	2.0
14.59433913230896	nan	2.0
14.607455730438232	nan	2.0
14.621862173080444	nan	2.0
14.63661789894104	nan	2.0
14.649909019470215	nan	2.0
14.664669036865234	nan	2.0
14.677443027496338	nan	2.0
14.690596103668213	nan	2.0
14.70564603805542	nan	2.0
14.717965364456177	nan	2.0
14.736706972122192	nan	2.0
14.74993109703064	nan	2.0
14.76315975189209	nan	2.0
14.776155233383179	nan	2.0
14.791691303253174	nan	2.0
14.80515432357788	nan	2.0
14.82188367843628	nan	2.0
14.835009813308716	nan	2.0
14.848645210266113	nan	2.0
14.867284774780273	nan	2.0
14.884096622467041	nan	2.0
14.9034743309021	nan	2.0
14.9215669631958	nan	2.0
14.938503742218018	nan	2.0
14.957465887069702	nan	2.0
14.974699020385742	nan	2.0
14.993435382843018	nan	2.0
15.010158061981201	nan	2.0
15.028724193572998	nan	2.0
15.045570850372314	nan	2.0
15.063437938690186	nan	2.0
15.076610803604126	nan	2.0
15.092093229293823	nan	2.0
15.10773515701294	nan	2.0
15.124627828598022	nan	2.0
15.142733812332153	nan	2.0
15.16172170639038	nan	2.0
15.17802095413208	nan	2.0
15.196346521377563	nan	2.0
15.213581562042236	nan	2.0
15.227703094482422	nan	2.0
15.243541479110718	nan	2.0
15.256080865859985	nan	2.0
15.27151894569397	nan	2.0
15.284563541412354	nan	2.0
15.331549406051636	nan	2.0
15.357141733169556	nan	2.0
15.375195741653442	nan	2.0
15.391390323638916	nan	2.0
15.407039880752563	nan	2.0
15.42367935180664	nan	2.0
15.4420804977417	nan	2.0
15.460811376571655	nan	2.0
15.476144790649414	nan	2.0
15.49065899848938	nan	2.0
15.506059408187866	nan	2.0
15.519671201705933	nan	2.0
15.537498474121094	nan	2.0
15.554449081420898	nan	2.0
15.56804084777832	nan	2.0
15.583823204040527	nan	2.0
15.597075700759888	nan	2.0
15.609837055206299	nan	2.0
15.622171401977539	nan	2.0
15.636818647384644	nan	2.0
15.649709463119507	nan	2.0
15.667166233062744	nan	2.0
15.68079924583435	nan	2.0
15.693512201309204	nan	2.0
15.70829153060913	nan	2.0
15.724201440811157	nan	2.0
15.739335775375366	nan	2.0
15.753677606582642	nan	2.0
15.76663875579834	nan	2.0
15.77911114692688	nan	2.0
15.794972658157349	nan	2.0
15.80793046951294	nan	2.0
15.820955991744995	nan	2.0
15.834930658340454	nan	2.0
15.849472284317017	nan	2.0
15.863640785217285	nan	2.0
15.880948543548584	nan	2.0
15.896545171737671	nan	2.0
15.912331819534302	nan	2.0
15.930008172988892	nan	2.0
15.946693897247314	nan	2.0
15.96368932723999	nan	2.0
15.977211236953735	nan	2.0
15.98922348022461	nan	2.0
16.00408387184143	nan	2.0
16.016963005065918	nan	2.0
16.0331552028656	nan	2.0
16.046533823013306	nan	2.0
16.0592942237854	nan	2.0
16.072712182998657	nan	2.0
16.08819842338562	nan	2.0
16.100866556167603	nan	2.0
16.117411851882935	nan	2.0
16.134020805358887	nan	2.0
16.147248029708862	nan	2.0
16.16233730316162	nan	2.0
16.174843311309814	nan	2.0
16.19574522972107	nan	2.0
16.20875883102417	nan	2.0
16.221639394760132	nan	2.0
16.234859704971313	nan	2.0
16.249531269073486	nan	2.0
16.261837482452393	nan	2.0
16.27657699584961	nan	2.0
16.289990663528442	nan	2.0
16.30418109893799	nan	2.0
16.31901502609253	nan	2.0
16.333064794540405	nan	2.0
16.346476316452026	nan	2.0
16.360819339752197	nan	2.0
16.374287605285645	nan	2.0
16.386938095092773	nan	2.0
16.401710033416748	nan	2.0
16.413923501968384	nan	2.0
16.42844009399414	nan	2.0
16.44235873222351	nan	2.0
16.455625772476196	nan	2.0
16.469034671783447	nan	2.0
16.484898328781128	nan	2.0
16.499805450439453	nan	2.0
16.516357421875	nan	2.0
16.52954888343811	nan	2.0
16.54190421104431	nan	2.0
16.555346727371216	nan	2.0
16.57045269012451	nan	2.0
16.582695722579956	nan	2.0
16.598824739456177	nan	2.0
16.611846208572388	nan	2.0
16.625060081481934	nan	2.0
16.638578176498413	nan	2.0
16.65327763557434	nan	2.0
16.66565179824829	nan	2.0
16.678532123565674	nan	2.0
16.69501256942749	nan	2.0
16.708497047424316	nan	2.0
16.724431037902832	nan	2.0
16.74113917350769	nan	2.0
16.75384211540222	nan	2.0
16.770241498947144	nan	2.0
16.783562898635864	nan	2.0
16.79744839668274	nan	2.0
16.812694787979126	nan	2.0
16.826449394226074	nan	2.0
16.838979244232178	nan	2.0
16.856155395507812	nan	2.0
16.873466730117798	nan	2.0
16.88878583908081	nan	2.0
16.903314352035522	nan	2.0
16.917747259140015	nan	2.0
16.933443546295166	nan	2.0
16.947497606277466	nan	2.0
16.965408086776733	nan	2.0
16.979376316070557	nan	2.0
16.993623971939087	nan	2.0
17.009207487106323	nan	2.0
17.02437996864319	nan	2.0
17.041603088378906	nan	2.0
17.059759616851807	nan	2.0
17.07966423034668	nan	2.0
17.100152492523193	nan	2.0
17.115968704223633	nan	2.0
17.131896495819092	nan	2.0
17.145184755325317	nan	2.0
17.159226894378662	nan	2.0
17.174777507781982	nan	2.0
17.190974235534668	nan	2.0
17.2155544757843	nan	2.0
17.23446798324585	nan	2.0
17.25192952156067	nan	2.0
17.266663074493408	nan	2.0
17.28206777572632	nan	2.0
17.29653239250183	nan	2.0
17.310324907302856	nan	2.0
17.32506561279297	nan	2.0
17.33890151977539	nan	2.0
17.356218814849854	nan	2.0
17.375237464904785	nan	2.0
17.390857696533203	nan	2.0
17.406442165374756	nan	2.0
17.422176599502563	nan	2.0
17.437456369400024	nan	2.0
17.456456422805786	nan	2.0
17.47152590751648	nan	2.0
17.484859228134155	nan	2.0
17.49998188018799	nan	2.0
17.512739419937134	nan	2.0
17.525617599487305	nan	2.0
17.54096031188965	nan	2.0
17.554028272628784	nan	2.0
17.569018125534058	nan	2.0
17.58206868171692	nan	2.0
17.594701051712036	nan	2.0
17.607801914215088	nan	2.0
17.623090744018555	nan	2.0
17.636931896209717	nan	2.0
17.653527975082397	nan	2.0
17.666763305664062	nan	2.0
17.680415630340576	nan	2.0
17.698566198349	nan	2.0
17.714062213897705	nan	2.0
17.730982065200806	nan	2.0
17.743635892868042	nan	2.0
17.75613760948181	nan	2.0
17.769653797149658	nan	2.0
17.78390383720398	nan	2.0
17.796656847000122	nan	2.0
17.81122326850891	nan	2.0
17.824464321136475	nan	2.0
17.8371524810791	nan	2.0
17.850341796875	nan	2.0
17.866634130477905	nan	2.0
17.881927013397217	nan	2.0
17.900655031204224	nan	2.0
17.9198956489563	nan	2.0
17.938159704208374	nan	2.0
17.95107102394104	nan	2.0
17.96851372718811	nan	2.0
17.985093593597412	nan	2.0
17.997599601745605	nan	2.0
18.01150631904602	nan	2.0
18.027344703674316	nan	2.0
18.04111385345459	nan	2.0
18.05686926841736	nan	2.0
18.070621728897095	nan	2.0
18.083760261535645	nan	2.0
18.09847593307495	nan	2.0
18.111435890197754	nan	2.0
18.124067068099976	nan	2.0
18.137040615081787	nan	2.0
18.153290033340454	nan	2.0
18.16611909866333	nan	2.0
18.180993795394897	nan	2.0
18.195021867752075	nan	2.0
18.209171056747437	nan	2.0
18.225250959396362	nan	2.0
18.23790216445923	nan	2.0
18.252583980560303	nan	2.0
18.269564867019653	nan	2.0
18.285205364227295	nan	2.0
18.30386781692505	nan	2.0
18.317824602127075	nan	2.0
18.33154821395874	nan	2.0
18.346859455108643	nan	2.0
18.359838485717773	nan	2.0
18.372374296188354	nan	2.0
18.388149976730347	nan	2.0
18.401358127593994	nan	2.0
18.41737723350525	nan	2.0
18.430809497833252	nan	2.0
18.44378924369812	nan	2.0
18.457576990127563	nan	2.0
18.47346806526184	nan	2.0
18.486767768859863	nan	2.0
18.50406265258789	nan	2.0
18.51728320121765	nan	2.0
18.530190467834473	nan	2.0
18.54572820663452	nan	2.0
18.558492422103882	nan	2.0
18.572473526000977	nan	2.0
18.587680339813232	nan	2.0
18.60048484802246	nan	2.0
18.613438844680786	nan	2.0
18.628671407699585	nan	2.0
18.6414737701416	nan	2.0
18.656305074691772	nan	2.0
18.66906499862671	nan	2.0
18.68197774887085	nan	2.0
18.69459080696106	nan	2.0
18.711475133895874	nan	2.0
18.725427865982056	nan	2.0
18.742643117904663	nan	2.0
18.7578866481781	nan	2.0
18.777889013290405	nan	2.0
18.79866600036621	nan	2.0
18.81940245628357	nan	2.0
18.835137128829956	nan	2.0
18.852024793624878	nan	2.0
18.872432947158813	nan	2.0
18.88802218437195	nan	2.0
18.902592658996582	nan	2.0
18.91847515106201	nan	2.0
18.93126678466797	nan	2.0
18.946654558181763	nan	2.0
18.95960545539856	nan	2.0
18.97272753715515	nan	2.0
18.985808849334717	nan	2.0
19.001206874847412	nan	2.0
19.013418197631836	nan	2.0
19.02876043319702	nan	2.0
19.041890859603882	nan	2.0
19.054776191711426	nan	2.0
19.069591999053955	nan	2.0
19.085253715515137	nan	2.0
19.100569248199463	nan	2.0
19.115705966949463	nan	2.0
19.12891912460327	nan	2.0
19.14142942428589	nan	2.0
19.157440423965454	nan	2.0
19.170626163482666	nan	2.0
19.186415672302246	nan	2.0
19.20073652267456	nan	2.0
19.213706254959106	nan	2.0
19.227715492248535	nan	2.0
19.241804838180542	nan	2.0
19.25456976890564	nan	2.0
19.269900798797607	nan	2.0
19.28325891494751	nan	2.0
19.296123027801514	nan	2.0
19.310614824295044	nan	2.0
19.32469367980957	nan	2.0
19.33686876296997	nan	2.0
19.35205912590027	nan	2.0
19.36482882499695	nan	2.0
19.377963304519653	nan	2.0
19.394343614578247	nan	2.0
19.407105207443237	nan	2.0
19.421926259994507	nan	2.0
19.43497323989868	nan	2.0
19.44772720336914	nan	2.0
19.460392475128174	nan	2.0
19.47518301010132	nan	2.0
19.4880154132843	nan	2.0
19.502224922180176	nan	2.0
19.519941329956055	nan	2.0
19.532844305038452	nan	2.0
19.545965909957886	nan	2.0
19.560710906982422	nan	2.0
19.573326587677002	nan	2.0
19.589118480682373	nan	2.0
19.601876497268677	nan	2.0
19.61399221420288	nan	2.0
19.627254724502563	nan	2.0
19.641572952270508	nan	2.0
19.65532922744751	nan	2.0
19.66778588294983	nan	2.0
19.68363666534424	nan	2.0
19.696520566940308	nan	2.0
19.714224576950073	nan	2.0
19.73124933242798	nan	2.0
19.750560760498047	nan	2.0
19.772568941116333	nan	2.0
19.79612684249878	nan	2.0
19.81683349609375	nan	2.0
19.83703064918518	nan	2.0
19.859721422195435	nan	2.0
19.88140845298767	nan	2.0
19.904722452163696	nan	2.0
19.927907705307007	nan	2.0
19.950427055358887	nan	2.0
19.97404408454895	nan	2.0
20.000370740890503	nan	2.0
20.021267414093018	nan	2.0
20.045382261276245	nan	2.0
20.065635204315186	nan	2.0
20.08193802833557	nan	2.0
20.102177619934082	nan	2.0
20.121558666229248	nan	2.0
20.13419508934021	nan	2.0
20.146886110305786	nan	2.0
20.163219928741455	nan	2.0
20.175950288772583	nan	2.0
20.191607236862183	nan	2.0
20.205829620361328	nan	2.0
20.218678951263428	nan	2.0
20.23171377182007	nan	2.0
20.247419118881226	nan	2.0
20.260266304016113	nan	2.0
20.274540185928345	nan	2.0
20.28768253326416	nan	2.0
20.30059003829956	nan	2.0
20.31429648399353	nan	2.0
20.329357862472534	nan	2.0
20.342748165130615	nan	2.0
20.357499361038208	nan	2.0
20.370570182800293	nan	2.0
20.38378381729126	nan	2.0
20.398402452468872	nan	2.0
20.41200542449951	nan	2.0
20.424702405929565	nan	2.0
20.43724036216736	nan	2.0
20.452462434768677	nan	2.0
20.46593713760376	nan	2.0
20.480000734329224	nan	2.0
20.493713855743408	nan	2.0
20.507444858551025	nan	2.0
20.521240949630737	nan	2.0
20.53628897666931	nan	2.0
20.549088954925537	nan	2.0
20.564205169677734	nan	2.0
20.577212810516357	nan	2.0
20.59016466140747	nan	2.0
20.60346746444702	nan	2.0
20.61672568321228	nan	2.0
20.629612922668457	nan	2.0
20.644523859024048	nan	2.0
20.65828800201416	nan	2.0
20.671303033828735	nan	2.0
20.68489956855774	nan	2.0
20.700161457061768	nan	2.0
20.71310782432556	nan	2.0
20.72838044166565	nan	2.0
20.745564460754395	nan	2.0
20.75821852684021	nan	2.0
20.77407169342041	nan	2.0
20.78725576400757	nan	2.0
20.80284070968628	nan	2.0
20.815820455551147	nan	2.0
20.828655242919922	nan	2.0
20.842225551605225	nan	2.0
20.858533143997192	nan	2.0
20.877716779708862	nan	2.0
20.896015882492065	nan	2.0
20.909387350082397	nan	2.0
20.924038410186768	nan	2.0
20.938917636871338	nan	2.0
20.95201826095581	nan	2.0
20.96812891960144	nan	2.0
20.981194972991943	nan	2.0
20.99420189857483	nan	2.0
21.00885248184204	nan	2.0
21.021923065185547	nan	2.0
21.03564691543579	nan	2.0
21.049792766571045	nan	2.0
21.06301760673523	nan	2.0
21.07587742805481	nan	2.0
21.09126377105713	nan	2.0
21.104724407196045	nan	2.0
21.12030601501465	nan	2.0
21.13339877128601	nan	2.0
21.145994424819946	nan	2.0
21.161510705947876	nan	2.0
21.176454067230225	nan	2.0
21.19049334526062	nan	2.0
21.20411229133606	nan	2.0
21.220269441604614	nan	2.0
21.233494520187378	nan	2.0
21.249032735824585	nan	2.0
21.262469053268433	nan	2.0
21.275376558303833	nan	2.0
21.287864208221436	nan	2.0
21.302370071411133	nan	2.0
21.314991235733032	nan	2.0
21.331190586090088	nan	2.0
21.343729972839355	nan	2.0
21.356943368911743	nan	2.0
21.370874404907227	nan	2.0
21.38606309890747	nan	2.0
21.39992356300354	nan	2.0
21.415334701538086	nan	2.0
21.428150415420532	nan	2.0
21.4411518573761	nan	2.0
21.45836901664734	nan	2.0
21.471394538879395	nan	2.0
21.48712706565857	nan	2.0
21.503780603408813	nan	2.0
21.51870822906494	nan	2.0
21.53667378425598	nan	2.0
21.553717851638794	nan	2.0
21.57097101211548	nan	2.0
21.5864737033844	nan	2.0
21.60084581375122	nan	2.0
21.619686365127563	nan	2.0
21.633676528930664	nan	2.0
21.650222063064575	nan	2.0
21.66425395011902	nan	2.0
21.67773723602295	nan	2.0
21.69318723678589	nan	2.0
21.70901608467102	nan	2.0
21.723849534988403	nan	2.0
21.740698099136353	nan	2.0
21.75582790374756	nan	2.0
21.770735025405884	nan	2.0
21.787874460220337	nan	2.0
21.803236961364746	nan	2.0
21.818568229675293	nan	2.0
21.83255672454834	nan	2.0
21.84671378135681	nan	2.0
21.866018295288086	nan	2.0
21.885172843933105	nan	2.0
21.903486251831055	nan	2.0
21.91994833946228	nan	2.0
21.93998670578003	nan	2.0
21.957703590393066	nan	2.0
21.976940631866455	nan	2.0
21.996005535125732	nan	2.0
22.011286973953247	nan	2.0
22.02778387069702	nan	2.0
22.042004346847534	nan	2.0
22.05573081970215	nan	2.0
22.07107925415039	nan	2.0
22.086845636367798	nan	2.0
22.103301286697388	nan	2.0
22.119051694869995	nan	2.0
22.13441777229309	nan	2.0
22.149423360824585	nan	2.0
22.164254665374756	nan	2.0
22.180420875549316	nan	2.0
22.1951642036438	nan	2.0
22.208323001861572	nan	2.0
22.224355220794678	nan	2.0
22.23935031890869	nan	2.0
22.254981756210327	nan	2.0
22.269866228103638	nan	2.0
22.285414457321167	nan	2.0
22.299548625946045	nan	2.0
22.31502056121826	nan	2.0
22.329044818878174	nan	2.0
22.344513654708862	nan	2.0
22.358425617218018	nan	2.0
22.37221908569336	nan	2.0
22.389978408813477	nan	2.0
22.404348134994507	nan	2.0
22.41930341720581	nan	2.0
22.433507680892944	nan	2.0
22.447690963745117	nan	2.0
22.463340520858765	nan	2.0
22.477940797805786	nan	2.0
22.49284267425537	nan	2.0
22.509119510650635	nan	2.0
22.521737813949585	nan	2.0
22.533905029296875	nan	2.0
22.548086404800415	nan	2.0
22.560946226119995	nan	2.0
22.57460331916809	nan	2.0
22.588653087615967	nan	2.0
22.601660013198853	nan	2.0
22.61409282684326	nan	2.0
22.627713680267334	nan	2.0
22.641199350357056	nan	2.0
22.65314245223999	nan	2.0
22.667391061782837	nan	2.0
22.681041955947876	nan	2.0
22.693370580673218	nan	2.0
22.708990812301636	nan	2.0
22.72157621383667	nan	2.0
22.734840631484985	nan	2.0
22.749120235443115	nan	2.0
22.76512098312378	nan	2.0
22.77889394760132	nan	2.0
22.792555570602417	nan	2.0
22.80653476715088	nan	2.0
22.818859815597534	nan	2.0
22.832993984222412	nan	2.0
22.84688425064087	nan	2.0
22.859743356704712	nan	2.0
22.875693798065186	nan	2.0
22.88955283164978	nan	2.0
22.90381145477295	nan	2.0
22.91925883293152	nan	2.0
22.932284116744995	nan	2.0
22.947678089141846	nan	2.0
22.960740089416504	nan	2.0
22.973947048187256	nan	2.0
22.98666501045227	nan	2.0
23.002129316329956	nan	2.0
23.0158371925354	nan	2.0
23.029975414276123	nan	2.0
23.04324245452881	nan	2.0
23.056085348129272	nan	2.0
23.070398807525635	nan	2.0
23.08649778366089	nan	2.0
23.100544214248657	nan	2.0
23.117105722427368	nan	2.0
23.130353927612305	nan	2.0
23.14333176612854	nan	2.0
23.158035039901733	nan	2.0
23.170871257781982	nan	2.0
23.188352823257446	nan	2.0
23.201008796691895	nan	2.0
23.21626567840576	nan	2.0
23.230336666107178	nan	2.0
23.244226932525635	nan	2.0
23.25909423828125	nan	2.0
23.273173809051514	nan	2.0
23.28755235671997	nan	2.0
23.300451278686523	nan	2.0
23.316077947616577	nan	2.0
23.329813480377197	nan	2.0
23.346143007278442	nan	2.0
23.359822511672974	nan	2.0
23.37248396873474	nan	2.0
23.385366916656494	nan	2.0
23.3998920917511	nan	2.0
23.413106679916382	nan	2.0
23.426112413406372	nan	2.0
23.441800117492676	nan	2.0
23.454681873321533	nan	2.0
23.468262434005737	nan	2.0
23.48370385169983	nan	2.0
23.49740982055664	nan	2.0
23.510603666305542	nan	2.0
23.526447772979736	nan	2.0
23.539845943450928	nan	2.0
23.554921865463257	nan	2.0
23.56809949874878	nan	2.0
23.581347227096558	nan	2.0
23.594471216201782	nan	2.0
23.608659744262695	nan	2.0
23.62184476852417	nan	2.0
23.637260675430298	nan	2.0
23.6506667137146	nan	2.0
23.663524627685547	nan	2.0
23.67704439163208	nan	2.0
23.69224190711975	nan	2.0
23.707369089126587	nan	2.0
23.7266206741333	nan	2.0
23.74491024017334	nan	2.0
23.764293432235718	nan	2.0
23.779865026474	nan	2.0
23.795917987823486	nan	2.0
23.809245824813843	nan	2.0
23.823839902877808	nan	2.0
23.837978839874268	nan	2.0
23.857932806015015	nan	2.0
23.879235982894897	nan	2.0
23.90061116218567	nan	2.0
23.921452045440674	nan	2.0
23.9411301612854	nan	2.0
23.96233320236206	nan	2.0
23.983267307281494	nan	2.0
23.996796131134033	nan	2.0
24.012207984924316	nan	2.0
24.02657914161682	nan	2.0
24.041099786758423	nan	2.0
24.05312705039978	nan	2.0
24.066048860549927	nan	2.0
24.08306646347046	nan	2.0
24.100697994232178	nan	2.0
24.117400884628296	nan	2.0
24.131240129470825	nan	2.0
24.143091201782227	nan	2.0
24.15696144104004	nan	2.0
24.170310258865356	nan	2.0
24.182103872299194	nan	2.0
24.193557739257812	nan	2.0
24.208407402038574	nan	2.0
24.220317363739014	nan	2.0
24.231494188308716	nan	2.0
24.246124744415283	nan	2.0
24.25782036781311	nan	2.0
24.269485235214233	nan	2.0
24.282052993774414	nan	2.0
24.296501636505127	nan	2.0
24.30934762954712	nan	2.0
24.325247764587402	nan	2.0
24.337684154510498	nan	2.0
24.350156545639038	nan	2.0
24.36474323272705	nan	2.0
24.380925178527832	nan	2.0
24.39406704902649	nan	2.0
24.409167528152466	nan	2.0
24.4233238697052	nan	2.0
24.43534779548645	nan	2.0
24.45146870613098	nan	2.0
24.464099884033203	nan	2.0
24.479024171829224	nan	2.0
24.492132663726807	nan	2.0
24.503965377807617	nan	2.0
24.517892122268677	nan	2.0
24.535311698913574	nan	2.0
24.551275968551636	nan	2.0
24.567842721939087	nan	2.0
24.580039978027344	nan	2.0
24.592395782470703	nan	2.0
24.608060121536255	nan	2.0
24.620169162750244	nan	2.0
24.632251739501953	nan	2.0
24.646862506866455	nan	2.0
24.659371614456177	nan	2.0
24.67105221748352	nan	2.0
24.684630870819092	nan	2.0
24.69885230064392	nan	2.0
24.711008548736572	nan	2.0
24.725732564926147	nan	2.0
24.741617918014526	nan	2.0
24.75395441055298	nan	2.0
24.767278909683228	nan	2.0
24.779041290283203	nan	2.0
24.791574478149414	nan	2.0
25.963244915008545	nan	2.0
25.994908094406128	nan	2.0
26.014334440231323	nan	2.0
26.0294349193573	nan	2.0
26.041499137878418	nan	2.0
26.054691076278687	nan	2.0
26.06961464881897	nan	2.0
26.082680463790894	nan	2.0
26.096924781799316	nan	2.0
26.10934066772461	nan	2.0
26.121797800064087	nan	2.0
26.135266542434692	nan	2.0
26.151305437088013	nan	2.0
26.165984392166138	nan	2.0
26.181483507156372	nan	2.0
26.195677042007446	nan	2.0
26.207775354385376	nan	2.0
26.219857931137085	nan	2.0
26.23282814025879	nan	2.0
26.244325160980225	nan	2.0
26.25722026824951	nan	2.0
26.269234895706177	nan	2.0
26.280784606933594	nan	2.0
26.292234420776367	nan	2.0
26.305792808532715	nan	2.0
26.31736421585083	nan	2.0
26.330025672912598	nan	2.0
26.344088554382324	nan	2.0
26.35600447654724	nan	2.0
26.367820262908936	nan	2.0
26.380369424819946	nan	2.0
26.39458203315735	nan	2.0
26.406785488128662	nan	2.0
26.4208664894104	nan	2.0
26.43285298347473	nan	2.0
26.444222450256348	nan	2.0
26.455521821975708	nan	2.0
26.46852421760559	nan	2.0
26.479732513427734	nan	2.0
26.49156641960144	nan	2.0
26.50290083885193	nan	2.0
26.516080856323242	nan	2.0
26.52761435508728	nan	2.0
26.538975954055786	nan	2.0
26.55234670639038	nan	2.0
26.56402850151062	nan	2.0
26.57572913169861	nan	2.0
26.587827444076538	nan	2.0
26.600581645965576	nan	2.0
26.61186146736145	nan	2.0
26.625650644302368	nan	2.0
26.637163162231445	nan	2.0
26.64884877204895	nan	2.0
26.659929513931274	nan	2.0
26.67345356941223	nan	2.0
26.68467378616333	nan	2.0
26.69596266746521	nan	2.0
26.709036827087402	nan	2.0
26.72075605392456	nan	2.0
26.73201847076416	nan	2.0
26.744601488113403	nan	2.0
26.76517391204834	nan	2.0
26.786897659301758	nan	2.0
26.806629419326782	nan	2.0
26.826699018478394	nan	2.0
26.847779512405396	nan	2.0
26.86850905418396	nan	2.0
26.89210295677185	nan	2.0
26.915447235107422	nan	2.0
26.93656611442566	nan	2.0
26.958386182785034	nan	2.0
26.97872805595398	nan	2.0
27.000059366226196	nan	2.0
27.020606994628906	nan	2.0
27.042950868606567	nan	2.0
27.06165838241577	nan	2.0
27.08110475540161	nan	2.0
27.095837116241455	nan	2.0
27.111015796661377	nan	2.0
27.123849153518677	nan	2.0
27.136435985565186	nan	2.0
27.14975619316101	nan	2.0
27.162031888961792	nan	2.0
27.17463731765747	nan	2.0
27.187541246414185	nan	2.0
27.20120668411255	nan	2.0
27.212937831878662	nan	2.0
27.225757122039795	nan	2.0
27.238269805908203	nan	2.0
27.250673294067383	nan	2.0
27.26276707649231	nan	2.0
27.275144577026367	nan	2.0
27.288074493408203	nan	2.0
27.300539016723633	nan	2.0
27.31446862220764	nan	2.0
27.327025651931763	nan	2.0
27.341593742370605	nan	2.0
27.35428810119629	nan	2.0
27.36774706840515	nan	2.0
27.379776000976562	nan	2.0
27.395026922225952	nan	2.0
27.407814025878906	nan	2.0
27.419488191604614	nan	2.0
27.432554721832275	nan	2.0
27.44706130027771	nan	2.0
27.460663557052612	nan	2.0
27.47686004638672	nan	2.0
27.489930629730225	nan	2.0
27.50952386856079	nan	2.0
27.529265642166138	nan	2.0
27.55087971687317	nan	2.0
27.569573879241943	nan	2.0
27.58619785308838	nan	2.0
27.601921319961548	nan	2.0
27.614580154418945	nan	2.0
27.627462148666382	nan	2.0
27.64403986930847	nan	2.0
27.65969681739807	nan	2.0
27.676835775375366	nan	2.0
27.694389820098877	nan	2.0
27.714362382888794	nan	2.0
27.731319189071655	nan	2.0
27.746389627456665	nan	2.0
27.762412071228027	nan	2.0
27.776010513305664	nan	2.0
27.794028520584106	nan	2.0
27.808189392089844	nan	2.0
27.82494330406189	nan	2.0
27.84153437614441	nan	2.0
27.856966972351074	nan	2.0
27.874683141708374	nan	2.0
27.890325784683228	nan	2.0
27.906079530715942	nan	2.0
27.92608380317688	nan	2.0
27.94162082672119	nan	2.0
27.95710515975952	nan	2.0
27.972851037979126	nan	2.0
27.988609790802002	nan	2.0
28.00526762008667	nan	2.0
28.017552375793457	nan	2.0
28.030117750167847	nan	2.0
28.048519611358643	nan	2.0
28.063782691955566	nan	2.0
28.083665370941162	nan	2.0
28.097803115844727	nan	2.0
28.112356901168823	nan	2.0
28.130736112594604	nan	2.0
28.148627996444702	nan	2.0
28.166884660720825	nan	2.0
28.18047308921814	nan	2.0
28.19832134246826	nan	2.0
28.215839385986328	nan	2.0
28.23042392730713	nan	2.0
28.248113870620728	nan	2.0
28.263887405395508	nan	2.0
28.278957843780518	nan	2.0
28.29456067085266	nan	2.0
28.30764150619507	nan	2.0
28.32444453239441	nan	2.0
28.3361554145813	nan	2.0
28.34804892539978	nan	2.0
28.35965323448181	nan	2.0
28.373834371566772	nan	2.0
28.385634899139404	nan	2.0
28.398998260498047	nan	2.0
28.412944078445435	nan	2.0
28.425431728363037	nan	2.0
28.43748378753662	nan	2.0
28.452420234680176	nan	2.0
28.464970350265503	nan	2.0
28.482179880142212	nan	2.0
28.49683952331543	nan	2.0
28.510897159576416	nan	2.0
28.5296790599823	nan	2.0
28.54475975036621	nan	2.0
28.561220407485962	nan	2.0
28.57739496231079	nan	2.0
28.59176254272461	nan	2.0
28.607271909713745	nan	2.0
28.620706796646118	nan	2.0
28.63252568244934	nan	2.0
28.646947860717773	nan	2.0
28.659207582473755	nan	2.0
28.6713969707489	nan	2.0
28.683928966522217	nan	2.0
28.698657035827637	nan	2.0
28.711007595062256	nan	2.0
28.724520206451416	nan	2.0
28.74470829963684	nan	2.0
28.760112524032593	nan	2.0
28.776191234588623	nan	2.0
28.790010452270508	nan	2.0
28.803743839263916	nan	2.0
28.81898593902588	nan	2.0
28.83139204978943	nan	2.0
28.84580397605896	nan	2.0
28.85820984840393	nan	2.0
28.87272834777832	nan	2.0
28.890066862106323	nan	2.0
28.907127857208252	nan	2.0
28.9203622341156	nan	2.0
28.936946630477905	nan	2.0
28.948649644851685	nan	2.0
28.96032214164734	nan	2.0
28.97427535057068	nan	2.0
28.986693382263184	nan	2.0
28.998992443084717	nan	2.0
29.013022422790527	nan	2.0
29.02499032020569	nan	2.0
29.036715269088745	nan	2.0
29.04903793334961	nan	2.0
29.06528377532959	nan	2.0
29.088579177856445	nan	2.0
29.10092258453369	nan	2.0
29.11443853378296	nan	2.0
29.128087997436523	nan	2.0
29.14521288871765	nan	2.0
29.159834384918213	nan	2.0
29.17612099647522	nan	2.0
29.189589977264404	nan	2.0
29.20327115058899	nan	2.0
29.22034001350403	nan	2.0
29.233579635620117	nan	2.0
29.249021530151367	nan	2.0
29.262261629104614	nan	2.0
29.275216341018677	nan	2.0
29.287051677703857	nan	2.0
29.301365852355957	nan	2.0
29.313257932662964	nan	2.0
29.328449010849	nan	2.0
29.34101939201355	nan	2.0
29.352885007858276	nan	2.0
29.365026235580444	nan	2.0
29.380839347839355	nan	2.0
29.39336848258972	nan	2.0
29.40854835510254	nan	2.0
29.423129558563232	nan	2.0
29.43471884727478	nan	2.0
29.44785213470459	nan	2.0
29.464437246322632	nan	2.0
29.476133584976196	nan	2.0
29.48787784576416	nan	2.0
29.503987073898315	nan	2.0
29.51667070388794	nan	2.0
29.529155254364014	nan	2.0
29.544137477874756	nan	2.0
29.556100130081177	nan	2.0
29.567840576171875	nan	2.0
29.582824230194092	nan	2.0
29.596182823181152	nan	2.0
29.607851266860962	nan	2.0
29.622790336608887	nan	2.0
29.634459257125854	nan	2.0
29.64611291885376	nan	2.0
29.659712553024292	nan	2.0
29.67419457435608	nan	2.0
29.687336206436157	nan	2.0
29.70169711112976	nan	2.0
29.713541269302368	nan	2.0
29.725691556930542	nan	2.0
29.73806881904602	nan	2.0
29.75508975982666	nan	2.0
29.76725697517395	nan	2.0
29.78135848045349	nan	2.0
29.793944120407104	nan	2.0
29.805624961853027	nan	2.0
29.817572355270386	nan	2.0
29.833019733428955	nan	2.0
29.844761610031128	nan	2.0
29.859365224838257	nan	2.0
29.87218403816223	nan	2.0
29.88942313194275	nan	2.0
29.907394409179688	nan	2.0
29.925964832305908	nan	2.0
29.948474168777466	nan	2.0
29.96781301498413	nan	2.0
29.990100145339966	nan	2.0
30.013604640960693	nan	2.0
30.034082412719727	nan	2.0
30.053382396697998	nan	2.0
30.074762105941772	nan	2.0
30.095865726470947	nan	2.0
30.11562752723694	nan	2.0
30.135011196136475	nan	2.0
30.156567573547363	nan	2.0
30.17822766304016	nan	2.0
30.198997259140015	nan	2.0
30.21847128868103	nan	2.0
30.23798155784607	nan	2.0
30.258867502212524	nan	2.0
30.280781030654907	nan	2.0
30.308393478393555	nan	2.0
30.334235668182373	nan	2.0
30.357646942138672	nan	2.0
30.375261545181274	nan	2.0
30.390554666519165	nan	2.0
30.40461039543152	nan	2.0
30.422462224960327	nan	2.0
30.44170880317688	nan	2.0
30.46074867248535	nan	2.0
30.4808988571167	nan	2.0
30.498796224594116	nan	2.0
30.520967960357666	nan	2.0
30.54424023628235	nan	2.0
30.56385350227356	nan	2.0
30.58132290840149	nan	2.0
30.603436946868896	nan	2.0
30.62492561340332	nan	2.0
30.640002965927124	nan	2.0
30.656541109085083	nan	2.0
30.677465438842773	nan	2.0
30.698115825653076	nan	2.0
30.71921944618225	nan	2.0
30.73666501045227	nan	2.0
30.75231647491455	nan	2.0
30.764950037002563	nan	2.0
30.77947163581848	nan	2.0
30.79932713508606	nan	2.0
30.820159912109375	nan	2.0
30.840200662612915	nan	2.0
30.856553316116333	nan	2.0
30.876617431640625	nan	2.0
30.89718794822693	nan	2.0
30.91980481147766	nan	2.0
30.938503980636597	nan	2.0
30.95591449737549	nan	2.0
30.969146966934204	nan	2.0
30.984354734420776	nan	2.0
31.005149602890015	nan	2.0
31.022628784179688	nan	2.0
31.041866540908813	nan	2.0
31.054125785827637	nan	2.0
31.068306922912598	nan	2.0
31.082199811935425	nan	2.0
31.09520125389099	nan	2.0
31.107306003570557	nan	2.0
31.12242317199707	nan	2.0
31.135326385498047	nan	2.0
31.15078854560852	nan	2.0
31.163249015808105	nan	2.0
31.17803931236267	nan	2.0
31.197919368743896	nan	2.0
31.224461555480957	nan	2.0
31.244393825531006	nan	2.0
31.258062839508057	nan	2.0
31.274576425552368	nan	2.0
31.290444135665894	nan	2.0
31.303853034973145	nan	2.0
31.319772005081177	nan	2.0
31.333812475204468	nan	2.0
31.347670555114746	nan	2.0
31.364842414855957	nan	2.0
31.377734422683716	nan	2.0
31.39354968070984	nan	2.0
31.406387090682983	nan	2.0
31.419947862625122	nan	2.0
31.432262182235718	nan	2.0
31.44758629798889	nan	2.0
31.460087299346924	nan	2.0
31.476317644119263	nan	2.0
31.48917317390442	nan	2.0
31.502588272094727	nan	2.0
31.51521110534668	nan	2.0
31.529683351516724	nan	2.0
31.542783975601196	nan	2.0
31.55679965019226	nan	2.0
31.569164514541626	nan	2.0
31.58177638053894	nan	2.0
31.59397602081299	nan	2.0
31.608524560928345	nan	2.0
31.621060609817505	nan	2.0
31.635254621505737	nan	2.0
31.64802575111389	nan	2.0
31.660179615020752	nan	2.0
31.672666311264038	nan	2.0
31.68733263015747	nan	2.0
31.69979691505432	nan	2.0
31.71212339401245	nan	2.0
32.40038847923279	nan	2.0
32.42453718185425	nan	2.0
32.44820213317871	nan	2.0
32.46276021003723	nan	2.0
32.475446701049805	nan	2.0
32.4886577129364	nan	2.0
32.5040762424469	nan	2.0
32.518118381500244	nan	2.0
32.534860372543335	nan	2.0
32.55091977119446	nan	2.0
32.56431841850281	nan	2.0
32.580047369003296	nan	2.0
32.59408783912659	nan	2.0
32.606834173202515	nan	2.0
32.61961221694946	nan	2.0
32.63231301307678	nan	2.0
32.6443030834198	nan	2.0
32.65827226638794	nan	2.0
32.67091393470764	nan	2.0
32.68303728103638	nan	2.0
32.699262619018555	nan	2.0
32.71326971054077	nan	2.0
32.72873330116272	nan	2.0
32.744739294052124	nan	2.0
32.75702619552612	nan	2.0
32.77078819274902	nan	2.0
32.78276181221008	nan	2.0
32.79534316062927	nan	2.0
32.80767488479614	nan	2.0
32.82270050048828	nan	2.0
32.835120677948	nan	2.0
32.84887742996216	nan	2.0
32.86099600791931	nan	2.0
32.873257875442505	nan	2.0
32.8849995136261	nan	2.0
32.89977431297302	nan	2.0
32.912225008010864	nan	2.0
32.92492127418518	nan	2.0
32.93841886520386	nan	2.0
32.950634717941284	nan	2.0
32.96308445930481	nan	2.0
32.97631120681763	nan	2.0
32.98934030532837	nan	2.0
33.00622487068176	nan	2.0
33.02064251899719	nan	2.0
33.0329155921936	nan	2.0
33.04580473899841	nan	2.0
33.06015467643738	nan	2.0
33.07284498214722	nan	2.0
33.08790326118469	nan	2.0
33.10167694091797	nan	2.0
33.114633321762085	nan	2.0
33.12792706489563	nan	2.0
33.14352536201477	nan	2.0
33.15661358833313	nan	2.0
33.17286205291748	nan	2.0
33.18658781051636	nan	2.0
33.20001459121704	nan	2.0
33.21582746505737	nan	2.0
33.22887682914734	nan	2.0
33.24234318733215	nan	2.0
33.25708246231079	nan	2.0
33.27195191383362	nan	2.0
33.28527522087097	nan	2.0
33.30149865150452	nan	2.0
33.31479859352112	nan	2.0
33.32783579826355	nan	2.0
33.34253931045532	nan	2.0
33.35604238510132	nan	2.0
33.369558572769165	nan	2.0
33.384188175201416	nan	2.0
33.396385192871094	nan	2.0
33.4091215133667	nan	2.0
33.424389600753784	nan	2.0
33.437307357788086	nan	2.0
33.44988965988159	nan	2.0
33.46496653556824	nan	2.0
33.47748422622681	nan	2.0
33.48975110054016	nan	2.0
33.504781007766724	nan	2.0
33.520263671875	nan	2.0
33.535839796066284	nan	2.0
33.5503933429718	nan	2.0
33.5649049282074	nan	2.0
33.579291343688965	nan	2.0
33.59364342689514	nan	2.0
33.606860637664795	nan	2.0
33.62199068069458	nan	2.0
33.634716510772705	nan	2.0
33.64846730232239	nan	2.0
33.66224813461304	nan	2.0
33.67638850212097	nan	2.0
33.68927621841431	nan	2.0
33.70396041870117	nan	2.0
33.71609354019165	nan	2.0
33.72852325439453	nan	2.0
33.746469259262085	nan	2.0
33.75926756858826	nan	2.0
33.77325892448425	nan	2.0
33.786426305770874	nan	2.0
33.798566579818726	nan	2.0
33.810797452926636	nan	2.0
33.826624155044556	nan	2.0
33.83929181098938	nan	2.0
33.85283279418945	nan	2.0
33.866337299346924	nan	2.0
33.880014181137085	nan	2.0
33.898128032684326	nan	2.0
33.91509532928467	nan	2.0
33.932868242263794	nan	2.0
33.9494194984436	nan	2.0
33.966978549957275	nan	2.0
33.98544239997864	nan	2.0
33.99881386756897	nan	2.0
34.01481890678406	nan	2.0
34.03011727333069	nan	2.0
34.04366660118103	nan	2.0
34.05728363990784	nan	2.0
34.07143044471741	nan	2.0
34.08455443382263	nan	2.0
34.097635984420776	nan	2.0
34.11214542388916	nan	2.0
34.125274419784546	nan	2.0
34.138245820999146	nan	2.0
34.152408838272095	nan	2.0
34.16467499732971	nan	2.0
34.17715883255005	nan	2.0
34.19177842140198	nan	2.0
34.204869508743286	nan	2.0
34.217883825302124	nan	2.0
34.232030630111694	nan	2.0
34.24459767341614	nan	2.0
34.2570743560791	nan	2.0
34.27263689041138	nan	2.0
34.285630226135254	nan	2.0
34.29993987083435	nan	2.0
34.315226316452026	nan	2.0
34.32871460914612	nan	2.0
34.34348177909851	nan	2.0
34.35972547531128	nan	2.0
34.37272500991821	nan	2.0
34.38751196861267	nan	2.0
34.400763750076294	nan	2.0
34.41451382637024	nan	2.0
34.43133044242859	nan	2.0
34.449800968170166	nan	2.0
34.4670193195343	nan	2.0
34.479872941970825	nan	2.0
34.49418234825134	nan	2.0
34.50864934921265	nan	2.0
34.525980949401855	nan	2.0
34.5430109500885	nan	2.0
34.55763530731201	nan	2.0
34.5712673664093	nan	2.0
34.585838079452515	nan	2.0
34.59975481033325	nan	2.0
34.611987590789795	nan	2.0
34.627655267715454	nan	2.0
34.64101791381836	nan	2.0
34.6542763710022	nan	2.0
34.66953706741333	nan	2.0
34.68509244918823	nan	2.0
34.699766397476196	nan	2.0
34.712738037109375	nan	2.0
34.72560501098633	nan	2.0
34.74179029464722	nan	2.0
34.75703167915344	nan	2.0
34.7699408531189	nan	2.0
34.78552436828613	nan	2.0
34.79959845542908	nan	2.0
34.812992095947266	nan	2.0
34.82617998123169	nan	2.0
34.839749813079834	nan	2.0
34.852633237838745	nan	2.0
34.86521887779236	nan	2.0
34.88003945350647	nan	2.0
34.89437818527222	nan	2.0
34.911261796951294	nan	2.0
34.92496132850647	nan	2.0
34.93732142448425	nan	2.0
34.94994282722473	nan	2.0
34.965349435806274	nan	2.0
34.97845768928528	nan	2.0
34.995441198349	nan	2.0
35.01028370857239	nan	2.0
35.02330565452576	nan	2.0
35.03819155693054	nan	2.0
35.05276155471802	nan	2.0
35.067041635513306	nan	2.0
35.08249354362488	nan	2.0
35.095073223114014	nan	2.0
35.108107566833496	nan	2.0
35.12445425987244	nan	2.0
35.13731575012207	nan	2.0
35.15169143676758	nan	2.0
35.165260314941406	nan	2.0
35.17821979522705	nan	2.0
35.19093942642212	nan	2.0
35.207316160202026	nan	2.0
35.2199866771698	nan	2.0
35.23607873916626	nan	2.0
35.24945139884949	nan	2.0
35.262028217315674	nan	2.0
35.27681493759155	nan	2.0
35.29122734069824	nan	2.0
35.30474495887756	nan	2.0
35.32009196281433	nan	2.0
35.33397889137268	nan	2.0
35.34713411331177	nan	2.0
35.36314821243286	nan	2.0
35.37823438644409	nan	2.0
35.39518141746521	nan	2.0
35.40788817405701	nan	2.0
35.42084741592407	nan	2.0
35.434502363204956	nan	2.0
35.45115613937378	nan	2.0
35.46498894691467	nan	2.0
35.480133295059204	nan	2.0
35.492674827575684	nan	2.0
35.50581693649292	nan	2.0
35.52112817764282	nan	2.0
35.53422474861145	nan	2.0
35.54712963104248	nan	2.0
35.56051850318909	nan	2.0
35.57644033432007	nan	2.0
35.58952188491821	nan	2.0
35.6054413318634	nan	2.0
35.61795139312744	nan	2.0
35.630555391311646	nan	2.0
35.645508766174316	nan	2.0
35.659732818603516	nan	2.0
35.672972202301025	nan	2.0
35.68827152252197	nan	2.0
35.70162916183472	nan	2.0
35.71476459503174	nan	2.0
35.73073863983154	nan	2.0
35.74711561203003	nan	2.0
35.76285195350647	nan	2.0
35.77631163597107	nan	2.0
35.78925919532776	nan	2.0
35.80385637283325	nan	2.0
35.819664001464844	nan	2.0
35.83309817314148	nan	2.0
35.849703550338745	nan	2.0
35.86305522918701	nan	2.0
35.876216411590576	nan	2.0
35.89356517791748	nan	2.0
35.90855860710144	nan	2.0
35.9280424118042	nan	2.0
35.946866035461426	nan	2.0
35.96475791931152	nan	2.0
35.98416566848755	nan	2.0
36.00217413902283	nan	2.0
36.018696308135986	nan	2.0
36.03140354156494	nan	2.0
36.04601979255676	nan	2.0
36.060405015945435	nan	2.0
36.07367491722107	nan	2.0
36.08911943435669	nan	2.0
36.10176753997803	nan	2.0
36.11442255973816	nan	2.0
36.1297402381897	nan	2.0
36.14284706115723	nan	2.0
36.15766620635986	nan	2.0
36.171528339385986	nan	2.0
36.185638666152954	nan	2.0
36.198713302612305	nan	2.0
36.215739011764526	nan	2.0
36.23078155517578	nan	2.0
36.243165016174316	nan	2.0
36.25972628593445	nan	2.0
36.272488594055176	nan	2.0
36.29012894630432	nan	2.0
36.30379796028137	nan	2.0
36.31653451919556	nan	2.0
36.33036518096924	nan	2.0
36.34513878822327	nan	2.0
36.357802629470825	nan	2.0
36.37259006500244	nan	2.0
36.3876576423645	nan	2.0
36.40105724334717	nan	2.0
36.417959690093994	nan	2.0
36.43085694313049	nan	2.0
36.44513297080994	nan	2.0
36.459707498550415	nan	2.0
36.472463607788086	nan	2.0
36.485053062438965	nan	2.0
36.50053644180298	nan	2.0
36.51387929916382	nan	2.0
36.52901744842529	nan	2.0
36.54239630699158	nan	2.0
36.55546975135803	nan	2.0
36.56904911994934	nan	2.0
36.58600115776062	nan	2.0
36.59924674034119	nan	2.0
36.61683773994446	nan	2.0
36.63075256347656	nan	2.0
36.644835472106934	nan	2.0
36.661306381225586	nan	2.0
36.67524766921997	nan	2.0
36.69286751747131	nan	2.0
36.706249952316284	nan	2.0
36.71991443634033	nan	2.0
36.7354850769043	nan	2.0
36.75118660926819	nan	2.0
36.76586961746216	nan	2.0
36.780298471450806	nan	2.0
36.79384231567383	nan	2.0
36.806721448898315	nan	2.0
36.82317876815796	nan	2.0
36.836889028549194	nan	2.0
36.85461068153381	nan	2.0
36.870161294937134	nan	2.0
36.89356446266174	nan	2.0
36.910871267318726	nan	2.0
36.92888927459717	nan	2.0
36.944504261016846	nan	2.0
36.957314252853394	nan	2.0
36.97310018539429	nan	2.0
36.9880952835083	nan	2.0
37.002044677734375	nan	2.0
37.020195960998535	nan	2.0
37.03494477272034	nan	2.0
37.048200607299805	nan	2.0
37.06391429901123	nan	2.0
37.07799983024597	nan	2.0
37.091142416000366	nan	2.0
37.10717034339905	nan	2.0
37.12060618400574	nan	2.0
37.13719129562378	nan	2.0
37.15768218040466	nan	2.0
37.177974462509155	nan	2.0
37.19990682601929	nan	2.0
37.22081208229065	nan	2.0
37.237143993377686	nan	2.0
37.2509503364563	nan	2.0
37.26766347885132	nan	2.0
37.280991315841675	nan	2.0
37.298290729522705	nan	2.0
37.311681270599365	nan	2.0
37.32438015937805	nan	2.0
37.337586879730225	nan	2.0
37.352007150650024	nan	2.0
37.364845991134644	nan	2.0
37.38096356391907	nan	2.0
37.39653968811035	nan	2.0
37.409481048583984	nan	2.0
37.4259352684021	nan	2.0
37.440683364868164	nan	2.0
37.46211314201355	nan	2.0
37.48113679885864	nan	2.0
37.49629592895508	nan	2.0
37.5132532119751	nan	2.0
37.52660632133484	nan	2.0
37.543410539627075	nan	2.0
37.556448459625244	nan	2.0
37.569708824157715	nan	2.0
37.585400104522705	nan	2.0
37.59996318817139	nan	2.0
37.61636471748352	nan	2.0
37.63463807106018	nan	2.0
37.653955936431885	nan	2.0
37.67028617858887	nan	2.0
37.69261288642883	nan	2.0
37.71508479118347	nan	2.0
37.73611307144165	nan	2.0
37.757678508758545	nan	2.0
37.779228925704956	nan	2.0
37.79652142524719	nan	2.0
37.817275524139404	nan	2.0
37.83559036254883	nan	2.0
37.85641026496887	nan	2.0
37.87755012512207	nan	2.0
37.89313459396362	nan	2.0
37.91017532348633	nan	2.0
37.92889761924744	nan	2.0
37.947795391082764	nan	2.0
37.96561050415039	nan	2.0
37.98485064506531	nan	2.0
38.001376152038574	nan	2.0
38.01759600639343	nan	2.0
38.03411102294922	nan	2.0
38.04749798774719	nan	2.0
38.0616979598999	nan	2.0
38.07718110084534	nan	2.0
38.09159779548645	nan	2.0
38.10438632965088	nan	2.0
38.12053370475769	nan	2.0
38.13363862037659	nan	2.0
38.1503381729126	nan	2.0
38.16338396072388	nan	2.0
38.177488565444946	nan	2.0
38.193788051605225	nan	2.0
38.21296310424805	nan	2.0
38.234214067459106	nan	2.0
38.2551429271698	nan	2.0
38.27433729171753	nan	2.0
38.29597568511963	nan	2.0
38.31390953063965	nan	2.0
38.334985971450806	nan	2.0
38.354968547821045	nan	2.0
38.37657189369202	nan	2.0
38.39628601074219	nan	2.0
38.41753268241882	nan	2.0
38.43535852432251	nan	2.0
38.44903755187988	nan	2.0
38.46356201171875	nan	2.0
38.477654695510864	nan	2.0
38.49073076248169	nan	2.0
38.504684925079346	nan	2.0
38.520628690719604	nan	2.0
38.5340678691864	nan	2.0
38.5488977432251	nan	2.0
38.56566047668457	nan	2.0
38.57953143119812	nan	2.0
38.59681153297424	nan	2.0
38.611855268478394	nan	2.0
38.6269793510437	nan	2.0
38.643815994262695	nan	2.0
38.665576219558716	nan	2.0
38.68453764915466	nan	2.0
38.69905757904053	nan	2.0
38.72116494178772	nan	2.0
38.741180181503296	nan	2.0
38.75921177864075	nan	2.0
38.77706217765808	nan	2.0
38.790038108825684	nan	2.0
38.80827069282532	nan	2.0
38.82568073272705	nan	2.0
38.84362292289734	nan	2.0
38.85706663131714	nan	2.0
38.870035886764526	nan	2.0
38.8852903842926	nan	2.0
38.89814734458923	nan	2.0
38.91759133338928	nan	2.0
38.933226346969604	nan	2.0
38.945825815200806	nan	2.0
38.96020817756653	nan	2.0
38.97325611114502	nan	2.0
38.98682403564453	nan	2.0
39.00237154960632	nan	2.0
39.0152850151062	nan	2.0
39.027830362319946	nan	2.0
39.044312477111816	nan	2.0
39.057403802871704	nan	2.0
39.07260298728943	nan	2.0
39.08589220046997	nan	2.0
39.098363399505615	nan	2.0
39.110910177230835	nan	2.0
39.12695860862732	nan	2.0
39.13968014717102	nan	2.0
39.15459203720093	nan	2.0
39.16763925552368	nan	2.0
39.18070411682129	nan	2.0
39.19530487060547	nan	2.0
39.21044969558716	nan	2.0
39.22346544265747	nan	2.0
39.23938226699829	nan	2.0
39.25303530693054	nan	2.0
39.266165256500244	nan	2.0
39.28174662590027	nan	2.0
39.29443573951721	nan	2.0
39.30779314041138	nan	2.0
39.32160973548889	nan	2.0
39.33981704711914	nan	2.0
39.354201555252075	nan	2.0
39.36915421485901	nan	2.0
39.382097005844116	nan	2.0
39.394596338272095	nan	2.0
39.409175157547	nan	2.0
39.42239809036255	nan	2.0
39.43681025505066	nan	2.0
39.45169258117676	nan	2.0
39.46465873718262	nan	2.0
39.47803831100464	nan	2.0
39.493117332458496	nan	2.0
39.50677847862244	nan	2.0
39.52351999282837	nan	2.0
39.536946058273315	nan	2.0
39.550241470336914	nan	2.0
39.563560962677	nan	2.0
39.57950234413147	nan	2.0
39.593234062194824	nan	2.0
39.60880470275879	nan	2.0
39.621333599090576	nan	2.0
39.63370156288147	nan	2.0
39.65034627914429	nan	2.0
39.663086891174316	nan	2.0
39.677284955978394	nan	2.0
39.69171857833862	nan	2.0
39.704962491989136	nan	2.0
39.71814227104187	nan	2.0
39.7342255115509	nan	2.0
39.75113821029663	nan	2.0
39.76807475090027	nan	2.0
39.782429456710815	nan	2.0
39.796430587768555	nan	2.0
39.811394453048706	nan	2.0
39.82440972328186	nan	2.0
39.84113121032715	nan	2.0
39.85387063026428	nan	2.0
39.866416215896606	nan	2.0
39.88335561752319	nan	2.0
39.900211572647095	nan	2.0
39.917500257492065	nan	2.0
39.936370611190796	nan	2.0
39.955305337905884	nan	2.0
39.972912549972534	nan	2.0
39.990700006484985	nan	2.0
40.013378858566284	nan	2.0
40.02888894081116	nan	2.0
40.04369854927063	nan	2.0
40.058269023895264	nan	2.0
40.0721914768219	nan	2.0
40.085309743881226	nan	2.0
40.102248668670654	nan	2.0
40.11549186706543	nan	2.0
40.132840633392334	nan	2.0
40.149054527282715	nan	2.0
40.16387987136841	nan	2.0
40.17985820770264	nan	2.0
40.19391369819641	nan	2.0
40.21040368080139	nan	2.0
40.22427749633789	nan	2.0
40.23745632171631	nan	2.0
40.25360560417175	nan	2.0
40.269654750823975	nan	2.0
40.284220695495605	nan	2.0
40.29887938499451	nan	2.0
40.31150150299072	nan	2.0
40.32429122924805	nan	2.0
40.340187788009644	nan	2.0
40.35442090034485	nan	2.0
40.37034606933594	nan	2.0
40.384382247924805	nan	2.0
40.397438764572144	nan	2.0
40.410664558410645	nan	2.0
40.42670559883118	nan	2.0
40.440672159194946	nan	2.0
40.45698046684265	nan	2.0
40.470094442367554	nan	2.0
40.48348140716553	nan	2.0
40.49941062927246	nan	2.0
40.513744592666626	nan	2.0
40.529951333999634	nan	2.0
40.5431010723114	nan	2.0
40.556623220443726	nan	2.0
40.57113432884216	nan	2.0
40.589163064956665	nan	2.0
40.611225605010986	nan	2.0
40.63145089149475	nan	2.0
40.65533137321472	nan	2.0
40.67498779296875	nan	2.0
40.692779779434204	nan	2.0
40.70801115036011	nan	2.0
40.72920298576355	nan	2.0
40.75212359428406	nan	2.0
40.77177834510803	nan	2.0
40.788187742233276	nan	2.0
40.802106857299805	nan	2.0
40.81915521621704	nan	2.0
40.83651876449585	nan	2.0
40.85897159576416	nan	2.0
40.87725877761841	nan	2.0
40.89459276199341	nan	2.0
40.91358423233032	nan	2.0
40.93031907081604	nan	2.0
40.94723153114319	nan	2.0
40.96082329750061	nan	2.0
40.978495359420776	nan	2.0
40.99198913574219	nan	2.0
41.00560784339905	nan	2.0
41.024094343185425	nan	2.0
41.038716316223145	nan	2.0
41.05584692955017	nan	2.0
41.07054948806763	nan	2.0
41.08578872680664	nan	2.0
41.10303592681885	nan	2.0
41.1191041469574	nan	2.0
41.137014627456665	nan	2.0
41.15269684791565	nan	2.0
41.166568994522095	nan	2.0
