t_s	measured_width_mm	target_width_mm
0.001255035400390625	nan	1.2
0.0506284236907959	nan	1.2
0.06228899955749512	nan	1.2
0.07867288589477539	nan	1.2
0.09161233901977539	nan	1.2
0.10219860076904297	nan	1.2
0.11437630653381348	nan	1.2
0.12589049339294434	nan	1.2
0.13672828674316406	nan	1.2
0.14772415161132812	nan	1.2
0.1592864990234375	nan	1.2
0.17212986946105957	nan	1.2
0.18475770950317383	nan	1.2
0.19743561744689941	nan	1.2
0.21110057830810547	nan	1.2
0.2264690399169922	nan	1.2
0.24244046211242676	nan	1.2
0.2553579807281494	nan	1.2
0.2692575454711914	nan	1.2
0.2850055694580078	nan	1.2
0.2982316017150879	nan	1.2
0.31134724617004395	nan	1.2
0.3245279788970947	nan	1.2
0.33669161796569824	nan	1.2
0.3495502471923828	nan	1.2
0.3606410026550293	nan	1.2
0.3725931644439697	nan	1.2
0.3861052989959717	nan	1.2
0.40018463134765625	nan	1.2
0.41156768798828125	nan	1.2
0.42650747299194336	nan	1.2
0.4386622905731201	nan	1.2
0.4503192901611328	nan	1.2
0.4621555805206299	nan	1.2
0.47400712966918945	nan	1.2
0.48600268363952637	nan	1.2
0.49693799018859863	nan	1.2
0.5079488754272461	nan	1.2
0.5190765857696533	nan	1.2
0.531205415725708	nan	1.2
0.5426182746887207	nan	1.2
0.5571417808532715	nan	1.2
0.5677175521850586	nan	1.2
0.5793719291687012	nan	1.2
0.5904486179351807	nan	1.2
0.6032440662384033	nan	1.2
0.6144928932189941	nan	1.2
0.626009464263916	nan	1.2
0.6402223110198975	nan	1.2
0.6518995761871338	nan	1.2
0.6644220352172852	nan	1.2
0.676898717880249	nan	1.2
0.6893260478973389	nan	1.2
0.7008860111236572	nan	1.2
0.7118740081787109	nan	1.2
0.727351188659668	nan	1.2
0.7389461994171143	nan	1.2
0.7498440742492676	nan	1.2
0.7656247615814209	nan	1.2
0.7789053916931152	nan	1.2
0.7896890640258789	nan	1.2
0.8024730682373047	nan	1.2
0.817924976348877	nan	1.2
0.8296787738800049	nan	1.2
0.8415131568908691	nan	1.2
0.8573784828186035	nan	1.2
0.8704605102539062	nan	1.2
0.8822617530822754	nan	1.2
0.8991742134094238	nan	1.2
0.9110383987426758	nan	1.2
0.9223527908325195	nan	1.2
0.9341514110565186	nan	1.2
0.9476354122161865	nan	1.2
0.9597632884979248	nan	1.2
0.9709439277648926	nan	1.2
0.9824929237365723	nan	1.2
0.994117021560669	nan	1.2
1.0058226585388184	nan	1.2
1.0170695781707764	nan	1.2
1.0308258533477783	nan	1.2
1.0430514812469482	nan	1.2
1.0546588897705078	nan	1.2
1.0678739547729492	nan	1.2
1.0810863971710205	nan	1.2
1.092902660369873	nan	1.2
1.1041889190673828	nan	1.2
1.1171214580535889	nan	1.2
1.1289176940917969	nan	1.2
1.1399102210998535	nan	1.2
1.1525566577911377	nan	1.2
1.1679935455322266	nan	1.2
1.1804413795471191	nan	1.2
1.1928074359893799	nan	1.2
1.2034728527069092	nan	1.2
1.2155394554138184	nan	1.2
1.2271301746368408	nan	1.2
1.2402324676513672	nan	1.2
1.2548580169677734	nan	1.2
1.2660186290740967	nan	1.2
1.2769789695739746	nan	1.2
1.2891590595245361	nan	1.2
1.3006184101104736	nan	1.2
1.3122899532318115	nan	1.2
1.3276429176330566	nan	1.2
1.3401925563812256	nan	1.2
1.3508319854736328	nan	1.2
1.362844705581665	nan	1.2
1.3766603469848633	nan	1.2
1.387725591659546	nan	1.2
1.4006390571594238	nan	1.2
1.4157345294952393	nan	1.2
1.4281935691833496	nan	1.2
1.4395887851715088	nan	1.2
1.4542815685272217	nan	1.2
1.4666237831115723	nan	1.2
1.477938175201416	nan	1.2
1.491589069366455	nan	1.2
1.5056695938110352	nan	1.2
1.5167808532714844	nan	1.2
1.5271658897399902	nan	1.2
1.540290355682373	nan	1.2
1.5533802509307861	nan	1.2
1.5645751953125	nan	1.2
1.5780787467956543	nan	1.2
1.5912609100341797	nan	1.2
1.602660894393921	nan	1.2
1.6136808395385742	nan	1.2
1.6287436485290527	nan	1.2
1.6414949893951416	nan	1.2
1.6532716751098633	nan	1.2
1.6667430400848389	nan	1.2
1.6799383163452148	nan	1.2
1.6910128593444824	nan	1.2
1.7039375305175781	nan	1.2
1.7195162773132324	nan	1.2
1.730576753616333	nan	1.2
1.7418079376220703	nan	1.2
1.7565927505493164	nan	1.2
1.7698314189910889	nan	1.2
1.7813928127288818	nan	1.2
1.794818639755249	nan	1.2
1.807046890258789	nan	1.2
1.8177905082702637	nan	1.2
1.829935073852539	nan	1.2
1.8448495864868164	nan	1.2
1.8578579425811768	nan	1.2
1.8690459728240967	nan	1.2
1.8824446201324463	nan	1.2
1.8942372798919678	nan	1.2
1.906097173690796	nan	1.2
1.9189131259918213	nan	1.2
1.9337544441223145	nan	1.2
1.9457416534423828	nan	1.2
1.9575483798980713	nan	1.2
1.9685893058776855	nan	1.2
1.9811623096466064	nan	1.2
1.992276906967163	nan	1.2
2.007002115249634	nan	1.2
2.0214786529541016	nan	1.2
2.0338845252990723	nan	1.2
2.0454323291778564	nan	1.2
2.0577940940856934	nan	1.2
2.0701048374176025	nan	1.2
2.0825724601745605	nan	1.2
2.0971155166625977	nan	1.2
2.1128714084625244	nan	1.2
2.1240241527557373	nan	1.2
2.136362075805664	nan	1.2
2.151729106903076	nan	1.2
2.1635658740997314	nan	1.2
2.1765143871307373	nan	1.2
2.1919775009155273	nan	1.2
2.203321933746338	nan	1.2
2.214827299118042	nan	1.2
2.228442668914795	nan	1.2
2.242572069168091	nan	1.2
2.254326105117798	nan	1.2
2.264967918395996	nan	1.2
2.2779455184936523	nan	1.2
2.2895731925964355	nan	1.2
2.299720287322998	nan	1.2
2.311319589614868	nan	1.2
2.3244099617004395	nan	1.2
2.3353500366210938	nan	1.2
2.346508026123047	nan	1.2
2.360081672668457	nan	1.2
2.3711321353912354	nan	1.2
2.38120698928833	nan	1.2
2.3944740295410156	nan	1.2
2.4088714122772217	nan	1.2
2.42374324798584	nan	1.2
2.439398765563965	nan	1.2
2.4536869525909424	nan	1.2
2.469108819961548	nan	1.2
2.4841132164001465	nan	1.2
2.4983620643615723	nan	1.2
2.5136826038360596	nan	1.2
2.528064727783203	nan	1.2
2.546731948852539	nan	1.2
2.5615642070770264	nan	1.2
2.5769731998443604	nan	1.2
2.592679500579834	nan	1.2
2.6059234142303467	nan	1.2
2.617777109146118	nan	1.2
2.6316146850585938	nan	1.2
2.6444320678710938	nan	1.2
2.6560089588165283	nan	1.2
2.6673059463500977	nan	1.2
2.6810073852539062	nan	1.2
2.695380449295044	nan	1.2
2.710092782974243	nan	1.2
2.724346399307251	nan	1.2
2.7365880012512207	nan	1.2
2.7489049434661865	nan	1.2
2.7685704231262207	nan	1.2
2.8252761363983154	nan	1.2
2.843029737472534	nan	1.2
2.8573336601257324	nan	1.2
2.8729400634765625	nan	1.2
2.8955068588256836	nan	1.2
2.9333033561706543	nan	1.2
2.9498703479766846	nan	1.2
2.9645988941192627	nan	1.2
2.9797723293304443	nan	1.2
2.9956328868865967	nan	1.2
3.010457754135132	nan	1.2
3.0271971225738525	nan	1.2
3.042389154434204	nan	1.2
3.0559723377227783	nan	1.2
3.0716378688812256	nan	1.2
3.0863425731658936	nan	1.2
3.0997185707092285	nan	1.2
3.116743803024292	nan	1.2
3.1305201053619385	nan	1.2
3.1470069885253906	nan	1.2
3.168919086456299	nan	1.2
3.1844425201416016	nan	1.2
3.19779896736145	nan	1.2
3.2118852138519287	nan	1.2
3.228832244873047	nan	1.2
3.2492899894714355	nan	1.2
3.2650692462921143	nan	1.2
3.2819793224334717	nan	1.2
3.2973408699035645	nan	1.2
3.315187454223633	nan	1.2
3.3313534259796143	nan	1.2
3.345778465270996	nan	1.2
3.3598461151123047	nan	1.2
3.3753247261047363	nan	1.2
3.3914835453033447	nan	1.2
3.4059157371520996	nan	1.2
3.417656898498535	nan	1.2
3.429544687271118	nan	1.2
3.4446964263916016	nan	1.2
3.4589459896087646	nan	1.2
3.470942735671997	nan	1.2
3.485053539276123	nan	1.2
3.500338077545166	nan	1.2
3.5165598392486572	nan	1.2
3.5335569381713867	nan	1.2
3.548572540283203	nan	1.2
3.5632143020629883	nan	1.2
3.5791587829589844	nan	1.2
3.5965514183044434	nan	1.2
3.611506938934326	nan	1.2
3.6275999546051025	nan	1.2
3.6442203521728516	nan	1.2
3.6588823795318604	nan	1.2
3.6728692054748535	nan	1.2
3.6868603229522705	nan	1.2
3.700037956237793	nan	1.2
3.7156224250793457	nan	1.2
3.730470657348633	nan	1.2
3.7418136596679688	nan	1.2
3.756357431411743	nan	1.2
3.7714650630950928	nan	1.2
3.7841546535491943	nan	1.2
3.800690174102783	nan	1.2
3.815617322921753	nan	1.2
3.826779842376709	nan	1.2
3.8403828144073486	nan	1.2
3.854872941970825	nan	1.2
3.869028329849243	nan	1.2
3.885345458984375	nan	1.2
3.898927688598633	nan	1.2
3.9102139472961426	nan	1.2
3.925184488296509	nan	1.2
3.9398937225341797	nan	1.2
3.953230857849121	nan	1.2
3.9686903953552246	nan	1.2
3.9837629795074463	nan	1.2
3.9967222213745117	nan	1.2
4.011789321899414	nan	1.2
4.027296543121338	nan	1.2
4.038881063461304	nan	1.2
4.052829027175903	nan	1.2
4.068213939666748	nan	1.2
4.0850608348846436	nan	1.2
4.100593090057373	nan	1.2
4.114879131317139	nan	1.2
4.1277854442596436	nan	1.2
4.143537998199463	nan	1.2
4.158512592315674	nan	1.2
4.1729185581207275	nan	1.2
4.186203956604004	nan	1.2
4.20202112197876	nan	1.2
4.225708246231079	nan	1.2
4.240755796432495	nan	1.2
4.256424427032471	nan	1.2
4.268004417419434	nan	1.2
4.281962156295776	nan	1.2
4.309486150741577	nan	1.2
4.324760913848877	nan	1.2
4.340052843093872	nan	1.2
4.351398229598999	nan	1.2
4.363471031188965	nan	1.2
4.378997802734375	nan	1.2
4.391839265823364	nan	1.2
4.406449317932129	nan	1.2
4.421854734420776	nan	1.2
4.43503999710083	nan	1.2
4.447887659072876	nan	1.2
4.4630937576293945	nan	1.2
4.478605031967163	nan	1.2
4.494177579879761	nan	1.2
4.510097503662109	nan	1.2
4.521805763244629	nan	1.2
4.534244537353516	nan	1.2
4.548987627029419	nan	1.2
4.563588619232178	nan	1.2
4.576730966567993	nan	1.2
4.589273929595947	nan	1.2
4.602481842041016	nan	1.2
4.616165637969971	nan	1.2
4.627671718597412	nan	1.2
4.640682697296143	nan	1.2
4.653876304626465	nan	1.2
4.665755987167358	nan	1.2
4.6775312423706055	nan	1.2
4.691354513168335	nan	1.2
4.704667568206787	nan	1.2
4.7175092697143555	nan	1.2
4.740041732788086	nan	1.2
4.752185106277466	nan	1.2
4.763386964797974	nan	1.2
4.779084920883179	nan	1.2
4.7931201457977295	nan	1.2
4.804657936096191	nan	1.2
4.817471027374268	nan	1.2
4.8304150104522705	nan	1.2
4.843550443649292	nan	1.2
4.856498718261719	nan	1.2
4.871201276779175	nan	1.2
4.884979009628296	nan	1.2
4.89733624458313	nan	1.2
4.9099578857421875	nan	1.2
4.923699378967285	nan	1.2
4.93662166595459	nan	1.2
4.949096202850342	nan	1.2
4.961717844009399	nan	1.2
4.9747185707092285	nan	1.2
4.987326145172119	nan	1.2
5.000106334686279	nan	1.2
5.014053106307983	nan	1.2
5.028615236282349	nan	1.2
5.04242467880249	nan	1.2
5.057641267776489	nan	1.2
5.071153163909912	nan	1.2
5.082883358001709	nan	1.2
5.096520900726318	nan	1.2
5.109421968460083	nan	1.2
5.120749473571777	nan	1.2
5.134428024291992	nan	1.2
5.148387432098389	nan	1.2
5.160601854324341	nan	1.2
5.1733622550964355	nan	1.2
5.186722040176392	nan	1.2
5.198801517486572	nan	1.2
5.209616661071777	nan	1.2
5.224057912826538	nan	1.2
5.2376086711883545	nan	1.2
5.250225067138672	nan	1.2
5.262727499008179	nan	1.2
5.275546550750732	nan	1.2
5.287775754928589	nan	1.2
5.301172733306885	nan	1.2
5.3138580322265625	nan	1.2
5.327746152877808	nan	1.2
5.340930461883545	nan	1.2
5.352536916732788	nan	1.2
5.367578744888306	nan	1.2
5.383837699890137	nan	1.2
5.396381616592407	nan	1.2
5.4109978675842285	nan	1.2
5.424339532852173	nan	1.2
5.435094356536865	nan	1.2
5.445762395858765	nan	1.2
5.459242343902588	nan	1.2
5.472818374633789	nan	1.2
5.483766555786133	nan	1.2
5.4970433712005615	nan	1.2
5.513704299926758	nan	1.2
5.52391791343689	nan	1.2
5.535525560379028	nan	1.2
5.548978328704834	nan	1.2
5.56207275390625	nan	1.2
5.573753118515015	nan	1.2
5.5879833698272705	nan	1.2
5.601881265640259	nan	1.2
5.614830255508423	nan	1.2
5.628947973251343	nan	1.2
5.642383575439453	nan	1.2
5.655131816864014	nan	1.2
5.668870210647583	nan	1.2
5.681981086730957	nan	1.2
5.697587728500366	nan	1.2
5.71123194694519	nan	1.2
5.7238264083862305	nan	1.2
5.737154483795166	nan	1.2
5.751709222793579	nan	1.2
5.764612436294556	nan	1.2
5.778166055679321	nan	1.2
5.791804075241089	nan	1.2
5.803363800048828	nan	1.2
5.815089225769043	nan	1.2
5.830657720565796	nan	1.2
5.844274044036865	nan	1.2
5.856218099594116	nan	1.2
5.869819641113281	nan	1.2
5.882739543914795	nan	1.2
5.8938891887664795	nan	1.2
5.907052040100098	nan	1.2
5.921014785766602	nan	1.2
5.931809902191162	nan	1.2
5.944714069366455	nan	1.2
5.95986795425415	nan	1.2
5.971610069274902	nan	1.2
5.982722759246826	nan	1.2
5.996242523193359	nan	1.2
6.0091729164123535	nan	1.2
6.0237672328948975	nan	1.2
6.0382795333862305	nan	1.2
6.052830696105957	nan	1.2
6.067910671234131	nan	1.2
6.081878185272217	nan	1.2
6.096399307250977	nan	1.2
6.110656499862671	nan	1.2
6.122199296951294	nan	1.2
6.136755466461182	nan	1.2
6.150427341461182	nan	1.2
6.163405179977417	nan	1.2
6.179064512252808	nan	1.2
6.193772554397583	nan	1.2
6.206752300262451	nan	1.2
6.218973398208618	nan	1.2
6.23348331451416	nan	1.2
6.247054576873779	nan	1.2
6.260361671447754	nan	1.2
6.274120092391968	nan	1.2
6.287133455276489	nan	1.2
6.29895806312561	nan	1.2
6.3153955936431885	nan	1.2
6.329176664352417	nan	1.2
6.340296268463135	nan	1.2
6.353663206100464	nan	1.2
6.369860410690308	nan	1.2
6.3844029903411865	nan	1.2
6.397710800170898	nan	1.2
6.411859035491943	nan	1.2
6.423838376998901	nan	1.2
6.43743109703064	nan	1.2
6.45379638671875	nan	1.2
6.467767953872681	nan	1.2
6.481177806854248	nan	1.2
6.494706630706787	nan	1.2
6.50890851020813	nan	1.2
6.522568702697754	nan	1.2
6.534997224807739	nan	1.2
6.548653841018677	nan	1.2
6.56220817565918	nan	1.2
6.573019981384277	nan	1.2
6.585717439651489	nan	1.2
6.599808216094971	nan	1.2
6.612736940383911	nan	1.2
6.625342130661011	nan	1.2
6.638823986053467	nan	1.2
6.651176691055298	nan	1.2
6.6625566482543945	nan	1.2
6.676682949066162	nan	1.2
6.690832138061523	nan	1.2
6.7039475440979	nan	1.2
6.717565536499023	nan	1.2
6.731318950653076	nan	1.2
6.743348598480225	nan	1.2
6.756329536437988	nan	1.2
6.770928382873535	nan	1.2
6.784827470779419	nan	1.2
6.798725843429565	nan	1.2
6.812247037887573	nan	1.2
6.825306415557861	nan	1.2
6.839448928833008	nan	1.2
6.851703882217407	nan	1.2
6.866299629211426	nan	1.2
6.879886627197266	nan	1.2
6.890329360961914	nan	1.2
6.904261350631714	nan	1.2
6.919064998626709	nan	1.2
6.931482791900635	nan	1.2
6.943597793579102	nan	1.2
6.957372188568115	nan	1.2
6.970855951309204	nan	1.2
6.982301235198975	nan	1.2
6.997205972671509	nan	1.2
7.011335372924805	nan	1.2
7.022812366485596	nan	1.2
7.034354209899902	nan	1.2
7.048849821090698	nan	1.2
7.062659740447998	nan	1.2
7.07691216468811	nan	1.2
7.092045307159424	nan	1.2
7.105832099914551	nan	1.2
7.118498802185059	nan	1.2
7.135156631469727	nan	1.2
7.151309251785278	nan	1.2
7.168060541152954	nan	1.2
7.185061693191528	nan	1.2
7.201324224472046	nan	1.2
7.21815824508667	nan	1.2
7.234677791595459	nan	1.2
7.254076957702637	nan	1.2
7.267955303192139	nan	1.2
7.285659313201904	nan	1.2
7.300560712814331	nan	1.2
7.316476821899414	nan	1.2
7.330054759979248	nan	1.2
7.3447265625	nan	1.2
7.356417179107666	nan	1.2
7.370124340057373	nan	1.2
7.385720729827881	nan	1.2
7.401421785354614	nan	1.2
7.413892984390259	nan	1.2
7.428124904632568	nan	1.2
7.443479061126709	nan	1.2
7.457179546356201	nan	1.2
7.472489833831787	nan	1.2
7.4868175983428955	nan	1.2
7.498870134353638	nan	1.2
7.513876438140869	nan	1.2
7.528486967086792	nan	1.2
7.541545629501343	nan	1.2
7.555675745010376	nan	1.2
7.5738139152526855	nan	1.2
7.585345029830933	nan	1.2
7.599226951599121	nan	1.2
7.613997936248779	nan	1.2
7.628082752227783	nan	1.2
7.6421003341674805	nan	1.2
7.656899452209473	nan	1.2
7.668869972229004	nan	1.2
7.682323932647705	nan	1.2
7.698090553283691	nan	1.2
7.712695360183716	nan	1.2
7.727349758148193	nan	1.2
7.741533517837524	nan	1.2
7.754908084869385	nan	1.2
7.768563508987427	nan	1.2
7.7823216915130615	nan	1.2
7.796023607254028	nan	1.2
7.808516263961792	nan	1.2
7.82305383682251	nan	1.2
7.83723521232605	nan	1.2
7.851621627807617	nan	1.2
7.863827705383301	nan	1.2
7.877340316772461	nan	1.2
7.891411542892456	nan	1.2
7.905207633972168	nan	1.2
7.919849395751953	nan	1.2
7.934344053268433	nan	1.2
7.945435047149658	nan	1.2
7.958519220352173	nan	1.2
7.973403692245483	nan	1.2
7.9869043827056885	nan	1.2
8.000440120697021	nan	1.2
8.017679929733276	nan	1.2
8.033726453781128	nan	1.2
8.04977798461914	nan	1.2
8.064380407333374	nan	1.2
8.076958656311035	nan	1.2
8.09111762046814	nan	1.2
8.105692625045776	nan	1.2
8.116804122924805	nan	1.2
8.130684852600098	nan	1.2
8.14544153213501	nan	1.2
8.159539699554443	nan	1.2
8.173946857452393	nan	1.2
8.188498497009277	nan	1.2
8.200351238250732	nan	1.2
8.214774370193481	nan	1.2
8.229850769042969	nan	1.2
8.243794918060303	nan	1.2
8.257882356643677	nan	1.2
8.271954536437988	nan	1.2
8.286078691482544	nan	1.2
8.299849510192871	nan	1.2
8.314650058746338	nan	1.2
8.329464435577393	nan	1.2
8.342658996582031	nan	1.2
8.356422185897827	nan	1.2
8.371160984039307	nan	1.2
8.384801626205444	nan	1.2
8.399414777755737	nan	1.2
8.414474964141846	nan	1.2
8.425969362258911	nan	1.2
8.438256740570068	nan	1.2
8.457941770553589	nan	1.2
8.470624923706055	nan	1.2
8.484479427337646	nan	1.2
8.499849081039429	nan	1.2
8.515394926071167	nan	1.2
8.530250787734985	nan	1.2
8.546385049819946	nan	1.2
8.56108570098877	nan	1.2
8.57593846321106	nan	1.2
8.59074330329895	nan	1.2
8.604832172393799	nan	1.2
8.620297908782959	nan	1.2
8.6372652053833	nan	1.2
8.652881860733032	nan	1.2
8.671013116836548	nan	1.2
8.686800479888916	nan	1.2
8.70175814628601	nan	1.2
8.716267108917236	nan	1.2
8.73164963722229	nan	1.2
8.746781349182129	nan	1.2
8.763711929321289	nan	1.2
8.779568433761597	nan	1.2
8.794382333755493	nan	1.2
8.810125350952148	nan	1.2
8.826452493667603	nan	1.2
8.842216491699219	nan	1.2
8.858547449111938	nan	1.2
8.873891830444336	nan	1.2
8.88794755935669	nan	1.2
8.90668511390686	nan	1.2
8.922321081161499	nan	1.2
8.936973810195923	nan	1.2
8.951802968978882	nan	1.2
8.964752435684204	nan	1.2
8.978236436843872	nan	1.2
8.99434208869934	nan	1.2
9.008431434631348	nan	1.2
9.021974086761475	nan	1.2
9.035330772399902	nan	1.2
9.04901647567749	nan	1.2
9.06248950958252	nan	1.2
9.075424671173096	nan	1.2
9.089478254318237	nan	1.2
9.103880405426025	nan	1.2
9.118189096450806	nan	1.2
9.132928371429443	nan	1.2
9.147064924240112	nan	1.2
9.161138534545898	nan	1.2
9.175578117370605	nan	1.2
9.19051718711853	nan	1.2
9.204894065856934	nan	1.2
9.219994306564331	nan	1.2
9.234056234359741	nan	1.2
9.248392105102539	nan	1.2
9.26333475112915	nan	1.2
9.277453899383545	nan	1.2
9.291855812072754	nan	1.2
9.308696746826172	nan	1.2
9.323299169540405	nan	1.2
9.334182739257812	nan	1.2
9.347948789596558	nan	1.2
9.360466003417969	nan	1.2
9.374060153961182	nan	1.2
9.387598752975464	nan	1.2
9.400616645812988	nan	1.2
9.413424730300903	nan	1.2
9.427029848098755	nan	1.2
9.441091775894165	nan	1.2
9.45592451095581	nan	1.2
9.469598054885864	nan	1.2
9.481708288192749	nan	1.2
9.493818521499634	nan	1.2
9.50724720954895	nan	1.2
9.521111249923706	nan	1.2
9.535441637039185	nan	1.2
9.551377058029175	nan	1.2
9.561264753341675	nan	1.2
9.572251558303833	nan	1.2
9.585488557815552	nan	1.2
9.598780393600464	nan	1.2
9.610458612442017	nan	1.2
9.624600172042847	nan	1.2
9.637445449829102	nan	1.2
9.647937297821045	nan	1.2
9.658888816833496	nan	1.2
9.671356439590454	nan	1.2
9.684905290603638	nan	1.2
9.696174383163452	nan	1.2
9.70931100845337	nan	1.2
9.722761154174805	nan	1.2
9.733728170394897	nan	1.2
9.7449369430542	nan	1.2
9.757897138595581	nan	1.2
9.772220849990845	nan	1.2
9.786402940750122	nan	1.2
9.799281597137451	nan	1.2
9.812426328659058	nan	1.2
9.824450254440308	nan	1.2
9.837229013442993	nan	1.2
9.85071349143982	nan	1.2
9.863341808319092	nan	1.2
9.87524151802063	nan	1.2
9.886321306228638	nan	1.2
9.899785280227661	nan	1.2
9.912909746170044	nan	1.2
9.924969911575317	nan	1.2
9.937220335006714	nan	1.2
9.950241327285767	nan	1.2
9.961378574371338	nan	1.2
9.972010135650635	nan	1.2
9.984920263290405	nan	1.2
9.998225450515747	nan	1.2
10.009650945663452	nan	1.2
10.023434400558472	nan	1.2
10.037117958068848	nan	1.2
10.050447463989258	nan	1.2
10.065638303756714	nan	1.2
10.079833269119263	nan	1.2
10.095704078674316	nan	1.2
10.110361337661743	nan	1.2
10.124991655349731	nan	1.2
10.139399528503418	nan	1.2
10.152915716171265	nan	1.2
10.16624927520752	nan	1.2
10.179748296737671	nan	1.2
10.19444227218628	nan	1.2
10.209222316741943	nan	1.2
10.224860906600952	nan	1.2
10.238829374313354	nan	1.2
10.252137660980225	nan	1.2
10.267711162567139	nan	1.2
10.28197717666626	nan	1.2
10.29504656791687	nan	1.2
10.308051824569702	nan	1.2
10.322748184204102	nan	1.2
10.33328104019165	nan	1.2
10.347447156906128	nan	1.2
10.3618745803833	nan	1.2
10.373706817626953	nan	1.2
10.384918451309204	nan	1.2
10.398560285568237	nan	1.2
10.410345792770386	nan	1.2
10.42165231704712	nan	1.2
10.436171531677246	nan	1.2
10.450177907943726	nan	1.2
10.4631507396698	nan	1.2
10.476787090301514	nan	1.2
10.490582704544067	nan	1.2
10.502372980117798	nan	1.2
10.514898538589478	nan	1.2
10.529985189437866	nan	1.2
10.543969631195068	nan	1.2
10.55706262588501	nan	1.2
10.57014274597168	nan	1.2
10.582988500595093	nan	1.2
10.596532821655273	nan	1.2
10.609520196914673	nan	1.2
10.623698949813843	nan	1.2
10.637492179870605	nan	1.2
10.64840054512024	nan	1.2
10.661250114440918	nan	1.2
10.676618337631226	nan	1.2
10.689801216125488	nan	1.2
10.703850030899048	nan	1.2
10.717504501342773	nan	1.2
10.72908353805542	nan	1.2
10.739906072616577	nan	1.2
10.75483775138855	nan	1.2
10.7687246799469	nan	1.2
10.782119989395142	nan	1.2
10.795907258987427	nan	1.2
10.808018445968628	nan	1.2
10.818809509277344	nan	1.2
10.830957174301147	nan	1.2
10.844834327697754	nan	1.2
10.857173681259155	nan	1.2
10.86814022064209	nan	1.2
10.879677534103394	nan	1.2
10.89347529411316	nan	1.2
10.906099319458008	nan	1.2
10.919551610946655	nan	1.2
10.93386721611023	nan	1.2
10.94538927078247	nan	1.2
10.95655369758606	nan	1.2
10.970010042190552	nan	1.2
10.983328342437744	nan	1.2
10.996613025665283	nan	1.2
11.009372234344482	nan	1.2
11.022244930267334	nan	1.2
11.036109209060669	nan	1.2
11.050348997116089	nan	1.2
11.063159704208374	nan	1.2
11.076833724975586	nan	1.2
11.090075254440308	nan	1.2
11.101234436035156	nan	1.2
11.115118741989136	nan	1.2
11.12822437286377	nan	1.2
11.140486001968384	nan	1.2
11.153960227966309	nan	1.2
11.167920112609863	nan	1.2
11.17935585975647	nan	1.2
11.190359354019165	nan	1.2
11.204743146896362	nan	1.2
11.218240737915039	nan	1.2
11.23040509223938	nan	1.2
11.244186639785767	nan	1.2
11.256190776824951	nan	1.2
11.266733407974243	nan	1.2
11.279746294021606	nan	1.2
11.297924041748047	nan	1.2
11.30952262878418	nan	1.2
11.32319688796997	nan	1.2
11.336738586425781	nan	1.2
11.348053693771362	nan	1.2
11.360762596130371	nan	1.2
11.375425577163696	nan	1.2
11.388892889022827	nan	1.2
11.401257514953613	nan	1.2
11.414053916931152	nan	1.2
11.42709493637085	nan	1.2
11.441351175308228	nan	1.2
11.454812049865723	nan	1.2
11.468878030776978	nan	1.2
11.484314680099487	nan	1.2
11.496910095214844	nan	1.2
11.510238409042358	nan	1.2
11.524455547332764	nan	1.2
11.537639141082764	nan	1.2
11.550657510757446	nan	1.2
11.563958883285522	nan	1.2
11.578118801116943	nan	1.2
11.590556621551514	nan	1.2
11.604022979736328	nan	1.2
11.617843627929688	nan	1.2
11.628684282302856	nan	1.2
11.641361236572266	nan	1.2
11.654884815216064	nan	1.2
11.667351484298706	nan	1.2
11.679753303527832	nan	1.2
11.6934335231781	nan	1.2
11.705856800079346	nan	1.2
11.716078281402588	nan	1.2
11.728992700576782	nan	1.2
11.742558717727661	nan	1.2
11.754230260848999	nan	1.2
11.76780891418457	nan	1.2
11.780667066574097	nan	1.2
11.793604850769043	nan	1.2
11.805025577545166	nan	1.2
11.818942785263062	nan	1.2
11.83227801322937	nan	1.2
11.845774412155151	nan	1.2
11.85873532295227	nan	1.2
11.872339010238647	nan	1.2
11.885794878005981	nan	1.2
11.89964485168457	nan	1.2
11.913252115249634	nan	1.2
11.927122354507446	nan	1.2
11.939493656158447	nan	1.2
11.95155644416809	nan	1.2
11.96445894241333	nan	1.2
11.978151321411133	nan	1.2
11.990100860595703	nan	1.2
12.004134178161621	nan	1.2
12.017611026763916	nan	1.2
12.032296419143677	nan	1.2
12.047603607177734	nan	1.2
12.064913511276245	nan	1.2
12.079685688018799	nan	1.2
12.099180459976196	nan	1.2
12.113146305084229	nan	1.2
12.126880407333374	nan	1.2
12.140703678131104	nan	1.2
12.155720472335815	nan	1.2
12.168886423110962	nan	1.2
12.183020114898682	nan	1.2
12.197750806808472	nan	1.2
12.209909915924072	nan	1.2
12.224048137664795	nan	1.2
12.238122463226318	nan	1.2
12.251943588256836	nan	1.2
12.268144607543945	nan	1.2
12.282581090927124	nan	1.2
12.297365427017212	nan	1.2
12.312493324279785	nan	1.2
12.327531099319458	nan	1.2
12.342387437820435	nan	1.2
12.356992959976196	nan	1.2
12.371888875961304	nan	1.2
12.387324094772339	nan	1.2
12.403350591659546	nan	1.2
12.419046640396118	nan	1.2
12.433120489120483	nan	1.2
12.446588516235352	nan	1.2
12.46111011505127	nan	1.2
12.472377300262451	nan	1.2
12.483537197113037	nan	1.2
12.497262954711914	nan	1.2
12.514036893844604	nan	1.2
12.526034355163574	nan	1.2
12.540601015090942	nan	1.2
12.553997039794922	nan	1.2
12.564865112304688	nan	1.2
12.577414751052856	nan	1.2
12.591562986373901	nan	1.2
12.605746507644653	nan	1.2
12.620256423950195	nan	1.2
12.635119676589966	nan	1.2
12.652086019515991	nan	1.2
12.666459798812866	nan	1.2
12.682234525680542	nan	1.2
12.69618821144104	nan	1.2
12.711550235748291	nan	1.2
12.729138374328613	nan	1.2
12.743512630462646	nan	1.2
12.758994579315186	nan	1.2
12.773542881011963	nan	1.2
12.78850245475769	nan	1.2
12.802042961120605	nan	1.2
12.819603681564331	nan	1.2
12.833665609359741	nan	1.2
12.848761320114136	nan	1.2
12.86295747756958	nan	1.2
12.875766038894653	nan	1.2
12.887977838516235	nan	1.2
12.902427673339844	nan	1.2
12.915996789932251	nan	1.2
12.928505420684814	nan	1.2
12.942885160446167	nan	1.2
12.956050395965576	nan	1.2
12.967918634414673	nan	1.2
12.98215651512146	nan	1.2
12.996781349182129	nan	1.2
13.0105881690979	nan	1.2
13.024367570877075	nan	1.2
13.038665533065796	nan	1.2
13.051977396011353	nan	1.2
13.066189289093018	nan	1.2
13.08087944984436	nan	1.2
13.134739875793457	nan	1.2
13.152721881866455	nan	1.2
13.167496681213379	nan	1.2
13.191452503204346	nan	1.2
13.207124948501587	nan	1.2
13.222658157348633	nan	1.2
13.23768949508667	nan	1.2
13.252433776855469	nan	1.2
13.26622986793518	nan	1.2
13.281429052352905	nan	1.2
13.30105447769165	nan	1.2
13.316948890686035	nan	1.2
13.331105709075928	nan	1.2
13.346811294555664	nan	1.2
13.362476825714111	nan	1.2
13.377303838729858	nan	1.2
13.392887115478516	nan	1.2
13.408114194869995	nan	1.2
13.422322511672974	nan	1.2
13.43793797492981	nan	1.2
13.454664945602417	nan	1.2
13.469695091247559	nan	1.2
13.484848976135254	nan	1.2
13.497572422027588	nan	1.2
13.511750936508179	nan	1.2
13.526607036590576	nan	1.2
13.541607141494751	nan	1.2
13.554946660995483	nan	1.2
13.569053411483765	nan	1.2
13.583215475082397	nan	1.2
13.597799062728882	nan	1.2
13.611772537231445	nan	1.2
13.62693166732788	nan	1.2
13.638795614242554	nan	1.2
13.650614023208618	nan	1.2
13.664716005325317	nan	1.2
13.678860664367676	nan	1.2
13.69091272354126	nan	1.2
13.70934796333313	nan	1.2
13.723696947097778	nan	1.2
13.73751163482666	nan	1.2
13.752427339553833	nan	1.2
13.766379356384277	nan	1.2
13.780284643173218	nan	1.2
13.795767545700073	nan	1.2
13.81033992767334	nan	1.2
13.825240850448608	nan	1.2
13.846165418624878	nan	1.2
13.861609697341919	nan	1.2
13.876957416534424	nan	1.2
13.891471147537231	nan	1.2
13.90621829032898	nan	1.2
13.921045780181885	nan	1.2
13.936955690383911	nan	1.2
13.949854612350464	nan	1.2
13.9639310836792	nan	1.2
13.979625225067139	nan	1.2
13.99320936203003	nan	1.2
14.006074666976929	nan	1.2
14.020836591720581	nan	1.2
14.0375235080719	nan	1.2
14.052354335784912	nan	1.2
14.067530870437622	nan	1.2
14.081839323043823	nan	1.2
14.096978664398193	nan	1.2
14.11198353767395	nan	1.2
14.127822399139404	nan	1.2
14.143394231796265	nan	1.2
14.158340215682983	nan	1.2
14.17239785194397	nan	1.2
14.185326099395752	nan	1.2
14.200622797012329	nan	1.2
14.21476674079895	nan	1.2
14.231057167053223	nan	1.2
14.24569296836853	nan	1.2
14.26075267791748	nan	1.2
14.276060342788696	nan	1.2
14.294155597686768	nan	1.2
14.312567234039307	nan	1.2
14.329932689666748	nan	1.2
14.344841241836548	nan	1.2
14.360450506210327	nan	1.2
14.376317977905273	nan	1.2
14.392552137374878	nan	1.2
14.407670974731445	nan	1.2
14.421169757843018	nan	1.2
14.440980434417725	nan	1.2
14.458861827850342	nan	1.2
14.478669166564941	nan	1.2
14.496344327926636	nan	1.2
14.51286792755127	nan	1.2
14.530208349227905	nan	1.2
14.549545526504517	nan	1.2
14.565563440322876	nan	1.2
14.579804182052612	nan	1.2
14.596745729446411	nan	1.2
14.61257529258728	nan	1.2
14.625415802001953	nan	1.2
14.640761613845825	nan	1.2
14.655986070632935	nan	1.2
14.6725754737854	nan	1.2
14.689371824264526	nan	1.2
14.705647945404053	nan	1.2
14.718370914459229	nan	1.2
14.733404159545898	nan	1.2
14.75033688545227	nan	1.2
14.767126083374023	nan	1.2
14.782775163650513	nan	1.2
14.802276611328125	nan	1.2
14.818459510803223	nan	1.2
14.832695960998535	nan	1.2
14.848220586776733	nan	1.2
14.863215446472168	nan	1.2
14.875122547149658	nan	1.2
14.890263557434082	nan	1.2
14.907017230987549	nan	1.2
14.921085119247437	nan	1.2
14.936394214630127	nan	1.2
14.950907468795776	nan	1.2
14.966129779815674	nan	1.2
14.98364782333374	nan	1.2
14.999552249908447	nan	1.2
15.017524719238281	nan	1.2
15.032935619354248	nan	1.2
15.0480637550354	nan	1.2
15.062044382095337	nan	1.2
15.077292203903198	nan	1.2
15.091821908950806	nan	1.2
15.103739023208618	nan	1.2
15.117732763290405	nan	1.2
15.133463144302368	nan	1.2
15.146787881851196	nan	1.2
15.161893606185913	nan	1.2
15.179677963256836	nan	1.2
15.192728757858276	nan	1.2
15.207639455795288	nan	1.2
15.227038383483887	nan	1.2
15.244159698486328	nan	1.2
15.258581161499023	nan	1.2
15.276779413223267	nan	1.2
15.291881799697876	nan	1.2
15.30759072303772	nan	1.2
15.323199272155762	nan	1.2
15.337677240371704	nan	1.2
15.349168539047241	nan	1.2
15.366116285324097	nan	1.2
15.3878493309021	nan	1.2
15.402305841445923	nan	1.2
15.417708396911621	nan	1.2
15.43117094039917	nan	1.2
15.445486783981323	nan	1.2
15.4606454372406	nan	1.2
15.472517013549805	nan	1.2
15.484103202819824	nan	1.2
15.503161430358887	nan	1.2
15.51766562461853	nan	1.2
15.532573461532593	nan	1.2
15.547897100448608	nan	1.2
15.5598886013031	nan	1.2
15.574053049087524	nan	1.2
15.58818769454956	nan	1.2
15.603609800338745	nan	1.2
15.617586135864258	nan	1.2
15.63027811050415	nan	1.2
15.646211624145508	nan	1.2
15.662424802780151	nan	1.2
15.678682565689087	nan	1.2
15.695910692214966	nan	1.2
15.709689855575562	nan	1.2
15.7264404296875	nan	1.2
15.742357969284058	nan	1.2
15.756149053573608	nan	1.2
15.771644353866577	nan	1.2
15.78670358657837	nan	1.2
15.797500371932983	nan	1.2
15.811565637588501	nan	1.2
15.825939893722534	nan	1.2
15.840261697769165	nan	1.2
15.854523181915283	nan	1.2
15.869466543197632	nan	1.2
15.884855508804321	nan	1.2
15.899407863616943	nan	1.2
15.914860248565674	nan	1.2
15.929629564285278	nan	1.2
15.943573713302612	nan	1.2
15.957722187042236	nan	1.2
15.97140908241272	nan	1.2
15.984915018081665	nan	1.2
16.00017285346985	nan	1.2
16.015485048294067	nan	1.2
16.026777267456055	nan	1.2
16.041599988937378	nan	1.2
16.058101654052734	nan	1.2
16.076775312423706	nan	1.2
16.097341537475586	nan	1.2
16.113964319229126	nan	1.2
16.13040566444397	nan	1.2
16.146178483963013	nan	1.2
16.158119440078735	nan	1.2
16.171162128448486	nan	1.2
16.190672159194946	nan	1.2
16.20341396331787	nan	1.2
16.218982696533203	nan	1.2
16.234498023986816	nan	1.2
16.245930433273315	nan	1.2
16.261695384979248	nan	1.2
16.276966333389282	nan	1.2
16.292914628982544	nan	1.2
16.307921171188354	nan	1.2
16.323023319244385	nan	1.2
16.337000370025635	nan	1.2
16.352932691574097	nan	1.2
16.368138790130615	nan	1.2
16.383161544799805	nan	1.2
16.39520573616028	nan	1.2
16.411959409713745	nan	1.2
16.42740273475647	nan	1.2
16.44084072113037	nan	1.2
16.4556725025177	nan	1.2
16.470683097839355	nan	1.2
16.482195377349854	nan	1.2
16.497301816940308	nan	1.2
16.51282501220703	nan	1.2
16.526051998138428	nan	1.2
16.54231071472168	nan	1.2
16.555983066558838	nan	1.2
16.566887378692627	nan	1.2
16.581908226013184	nan	1.2
16.597280263900757	nan	1.2
16.61046028137207	nan	1.2
16.625067234039307	nan	1.2
16.63918948173523	nan	1.2
16.65247368812561	nan	1.2
16.670899391174316	nan	1.2
16.68647599220276	nan	1.2
16.70035719871521	nan	1.2
16.715760231018066	nan	1.2
16.730758905410767	nan	1.2
16.74587368965149	nan	1.2
16.760796070098877	nan	1.2
16.778080940246582	nan	1.2
16.791027307510376	nan	1.2
16.80492615699768	nan	1.2
16.820303678512573	nan	1.2
16.835299015045166	nan	1.2
16.84904432296753	nan	1.2
16.86609935760498	nan	1.2
16.880708932876587	nan	1.2
16.89657187461853	nan	1.2
16.912728786468506	nan	1.2
16.92466425895691	nan	1.2
16.937008142471313	nan	1.2
16.95807957649231	nan	1.2
16.971375703811646	nan	1.2
16.98753833770752	nan	1.2
17.00433349609375	nan	1.2
17.015562772750854	nan	1.2
17.031190633773804	nan	1.2
17.048215627670288	nan	1.2
17.063686847686768	nan	1.2
17.078014373779297	nan	1.2
17.09238290786743	nan	1.2
17.105878353118896	nan	1.2
17.12260866165161	nan	1.2
17.138612508773804	nan	1.2
17.154051303863525	nan	1.2
17.16569685935974	nan	1.2
17.18175745010376	nan	1.2
17.197542667388916	nan	1.2
17.21050214767456	nan	1.2
17.227174758911133	nan	1.2
17.24099373817444	nan	1.2
17.25253200531006	nan	1.2
17.26881504058838	nan	1.2
17.28427004814148	nan	1.2
17.298996686935425	nan	1.2
17.315951108932495	nan	1.2
17.3292715549469	nan	1.2
17.342522859573364	nan	1.2
17.358297109603882	nan	1.2
17.373013019561768	nan	1.2
17.388570547103882	nan	1.2
17.4033465385437	nan	1.2
17.416497230529785	nan	1.2
17.432398796081543	nan	1.2
17.449400186538696	nan	1.2
17.46437096595764	nan	1.2
17.478431701660156	nan	1.2
17.493310928344727	nan	1.2
17.50841474533081	nan	1.2
17.523996591567993	nan	1.2
17.541369676589966	nan	1.2
17.557729959487915	nan	1.2
17.569962739944458	nan	1.2
17.58428144454956	nan	1.2
17.599846839904785	nan	1.2
17.61188292503357	nan	1.2
17.62674117088318	nan	1.2
17.643362522125244	nan	1.2
17.65664792060852	nan	1.2
17.67252016067505	nan	1.2
17.68634533882141	nan	1.2
17.69757080078125	nan	1.2
17.711281776428223	nan	1.2
17.72644281387329	nan	1.2
17.738353490829468	nan	1.2
17.752142429351807	nan	1.2
17.76700186729431	nan	1.2
17.7789626121521	nan	1.2
17.791489839553833	nan	1.2
17.80624771118164	nan	1.2
17.820894241333008	nan	1.2
17.835941314697266	nan	1.2
17.850712060928345	nan	1.2
17.865345239639282	nan	1.2
17.880373001098633	nan	1.2
17.895665884017944	nan	1.2
17.91186022758484	nan	1.2
17.925572395324707	nan	1.2
17.939911127090454	nan	1.2
17.95559287071228	nan	1.2
17.969947576522827	nan	1.2
17.984471321105957	nan	1.2
18.000422954559326	nan	1.2
18.012791395187378	nan	1.2
18.023926734924316	nan	1.2
18.039665699005127	nan	1.2
18.054872751235962	nan	1.2
18.06974983215332	nan	1.2
18.08486294746399	nan	1.2
18.09719491004944	nan	1.2
18.110299110412598	nan	1.2
18.127649784088135	nan	1.2
18.142185926437378	nan	1.2
18.157109022140503	nan	1.2
18.172841787338257	nan	1.2
18.18604040145874	nan	1.2
18.200480937957764	nan	1.2
18.2170147895813	nan	1.2
18.23394775390625	nan	1.2
18.249160289764404	nan	1.2
18.26810336112976	nan	1.2
18.288262605667114	nan	1.2
18.30475902557373	nan	1.2
18.323832273483276	nan	1.2
18.336474418640137	nan	1.2
18.3502094745636	nan	1.2
18.366069793701172	nan	1.2
18.380665063858032	nan	1.2
18.39421319961548	nan	1.2
18.413669109344482	nan	1.2
18.43038010597229	nan	1.2
18.4469952583313	nan	1.2
18.463410139083862	nan	1.2
18.47675108909607	nan	1.2
18.49289321899414	nan	1.2
18.508281707763672	nan	1.2
18.526512145996094	nan	1.2
18.539936780929565	nan	1.2
18.556035041809082	nan	1.2
18.57104992866516	nan	1.2
18.586257696151733	nan	1.2
18.60159945487976	nan	1.2
18.617197036743164	nan	1.2
18.629138946533203	nan	1.2
18.64574909210205	nan	1.2
18.661433935165405	nan	1.2
18.677297115325928	nan	1.2
18.692418575286865	nan	1.2
18.70560574531555	nan	1.2
18.718169689178467	nan	1.2
18.73297691345215	nan	1.2
18.747937202453613	nan	1.2
18.76277208328247	nan	1.2
18.778064966201782	nan	1.2
18.792550563812256	nan	1.2
18.80701971054077	nan	1.2
18.82114601135254	nan	1.2
18.836012840270996	nan	1.2
18.849748849868774	nan	1.2
18.862651109695435	nan	1.2
18.878314971923828	nan	1.2
18.892805814743042	nan	1.2
18.90744924545288	nan	1.2
18.924307346343994	nan	1.2
18.936155796051025	nan	1.2
18.948168992996216	nan	1.2
18.964228630065918	nan	1.2
18.978636503219604	nan	1.2
18.99156665802002	nan	1.2
19.00646734237671	nan	1.2
19.01994514465332	nan	1.2
19.031848669052124	nan	1.2
19.045394897460938	nan	1.2
19.060656309127808	nan	1.2
19.074552059173584	nan	1.2
19.090593099594116	nan	1.2
19.105926513671875	nan	1.2
19.119747400283813	nan	1.2
19.135818243026733	nan	1.2
19.151442527770996	nan	1.2
19.164618968963623	nan	1.2
19.182496309280396	nan	1.2
19.201257705688477	nan	1.2
19.216603755950928	nan	1.2
19.2305748462677	nan	1.2
19.245975732803345	nan	1.2
19.26090383529663	nan	1.2
19.27589178085327	nan	1.2
19.296387434005737	nan	1.2
19.309680461883545	nan	1.2
19.325296640396118	nan	1.2
19.341169357299805	nan	1.2
19.354982137680054	nan	1.2
19.370562076568604	nan	1.2
19.38573122024536	nan	1.2
19.398353815078735	nan	1.2
19.412623643875122	nan	1.2
19.428045988082886	nan	1.2
19.4426691532135	nan	1.2
19.459206104278564	nan	1.2
19.475354433059692	nan	1.2
19.49004602432251	nan	1.2
19.506627082824707	nan	1.2
19.52239966392517	nan	1.2
19.53734064102173	nan	1.2
19.55010986328125	nan	1.2
19.56514263153076	nan	1.2
19.580034732818604	nan	1.2
19.59433627128601	nan	1.2
19.60907816886902	nan	1.2
19.62395143508911	nan	1.2
19.63545513153076	nan	1.2
19.650944232940674	nan	1.2
19.665759801864624	nan	1.2
19.678517818450928	nan	1.2
19.695136308670044	nan	1.2
19.70902967453003	nan	1.2
19.720329999923706	nan	1.2
19.735385417938232	nan	1.2
19.7506422996521	nan	1.2
19.76646399497986	nan	1.2
19.780572175979614	nan	1.2
19.794734239578247	nan	1.2
19.807563304901123	nan	1.2
19.822999477386475	nan	1.2
19.838430881500244	nan	1.2
19.853540182113647	nan	1.2
19.86641502380371	nan	1.2
19.881221532821655	nan	1.2
19.897053480148315	nan	1.2
19.91096043586731	nan	1.2
19.925584316253662	nan	1.2
19.940526008605957	nan	1.2
19.954200744628906	nan	1.2
19.970212697982788	nan	1.2
19.985227823257446	nan	1.2
19.99659824371338	nan	1.2
20.0115647315979	nan	1.2
20.027085542678833	nan	1.2
20.042223691940308	nan	1.2
20.057575464248657	nan	1.2
20.073426961898804	nan	1.2
20.087759733200073	nan	1.2
20.10870051383972	nan	1.2
20.125832557678223	nan	1.2
20.142367839813232	nan	1.2
20.159306287765503	nan	1.2
20.17602849006653	nan	1.2
20.198527336120605	nan	1.2
20.21577215194702	nan	1.2
20.232588052749634	nan	1.2
20.251817226409912	nan	1.2
20.268983602523804	nan	1.2
20.284977674484253	nan	1.2
20.305778741836548	nan	1.2
20.31943655014038	nan	1.2
20.336577653884888	nan	1.2
20.352229595184326	nan	1.2
20.366698741912842	nan	1.2
20.383169889450073	nan	1.2
20.396729469299316	nan	1.2
20.408800840377808	nan	1.2
20.42520809173584	nan	1.2
20.440206289291382	nan	1.2
20.456752061843872	nan	1.2
20.47192645072937	nan	1.2
20.487051963806152	nan	1.2
20.503458976745605	nan	1.2
20.519673109054565	nan	1.2
20.536998987197876	nan	1.2
20.550760984420776	nan	1.2
20.566381216049194	nan	1.2
20.582233905792236	nan	1.2
20.597739219665527	nan	1.2
20.612919569015503	nan	1.2
20.62859344482422	nan	1.2
20.64592957496643	nan	1.2
20.66266393661499	nan	1.2
20.677638292312622	nan	1.2
20.691025257110596	nan	1.2
20.708080291748047	nan	1.2
20.72341775894165	nan	1.2
20.73874258995056	nan	1.2
20.754154205322266	nan	1.2
20.76607394218445	nan	1.2
20.780999183654785	nan	1.2
20.796387672424316	nan	1.2
20.811280250549316	nan	1.2
20.826942205429077	nan	1.2
20.842111349105835	nan	1.2
20.853456735610962	nan	1.2
20.86652421951294	nan	1.2
20.882153749465942	nan	1.2
20.89678120613098	nan	1.2
20.911818027496338	nan	1.2
20.92786407470703	nan	1.2
20.9417941570282	nan	1.2
20.95713710784912	nan	1.2
20.973570585250854	nan	1.2
20.988475799560547	nan	1.2
21.00289750099182	nan	1.2
21.01765251159668	nan	1.2
21.032257556915283	nan	1.2
21.048375129699707	nan	1.2
21.072460651397705	nan	1.2
21.08634877204895	nan	1.2
21.100388288497925	nan	1.2
21.121737241744995	nan	1.2
21.13618278503418	nan	1.2
21.152692556381226	nan	1.2
21.168030500411987	nan	1.2
21.18228268623352	nan	1.2
21.1980140209198	nan	1.2
21.214675664901733	nan	1.2
21.230929613113403	nan	1.2
21.247462511062622	nan	1.2
21.26190447807312	nan	1.2
21.277862310409546	nan	1.2
21.29600429534912	nan	1.2
21.31247591972351	nan	1.2
21.329457998275757	nan	1.2
21.34742760658264	nan	1.2
21.362736701965332	nan	1.2
21.379472017288208	nan	1.2
21.397273063659668	nan	1.2
21.412986993789673	nan	1.2
21.43105673789978	nan	1.2
21.447055101394653	nan	1.2
21.460180044174194	nan	1.2
21.476131677627563	nan	1.2
21.49108600616455	nan	1.2
21.50726556777954	nan	1.2
21.522966384887695	nan	1.2
21.536641597747803	nan	1.2
21.55044150352478	nan	1.2
21.565818309783936	nan	1.2
21.580977201461792	nan	1.2
21.59654974937439	nan	1.2
21.612342834472656	nan	1.2
21.6261465549469	nan	1.2
21.64119553565979	nan	1.2
21.658310890197754	nan	1.2
21.673893928527832	nan	1.2
21.689177751541138	nan	1.2
21.70412588119507	nan	1.2
21.720688104629517	nan	1.2
21.736036777496338	nan	1.2
21.75240445137024	nan	1.2
21.766531229019165	nan	1.2
21.779526472091675	nan	1.2
21.79588794708252	nan	1.2
21.810579538345337	nan	1.2
21.822872400283813	nan	1.2
21.838047742843628	nan	1.2
21.851517915725708	nan	1.2
21.86262321472168	nan	1.2
21.87814426422119	nan	1.2
21.894042015075684	nan	1.2
21.90857744216919	nan	1.2
21.924948930740356	nan	1.2
21.938927173614502	nan	1.2
21.951467514038086	nan	1.2
21.967490911483765	nan	1.2
21.983160734176636	nan	1.2
21.999106407165527	nan	1.2
22.01520037651062	nan	1.2
22.030832529067993	nan	1.2
22.046069860458374	nan	1.2
22.065553665161133	nan	1.2
22.082040071487427	nan	1.2
22.095653533935547	nan	1.2
22.111892700195312	nan	1.2
22.129917860031128	nan	1.2
22.14407968521118	nan	1.2
22.161775588989258	nan	1.2
22.178332328796387	nan	1.2
22.194160223007202	nan	1.2
22.21033477783203	nan	1.2
22.222822427749634	nan	1.2
22.237076997756958	nan	1.2
22.25303030014038	nan	1.2
22.26910662651062	nan	1.2
22.285264015197754	nan	1.2
22.302144527435303	nan	1.2
22.315439462661743	nan	1.2
22.33076286315918	nan	1.2
22.34814143180847	nan	1.2
22.363853931427002	nan	1.2
22.380281925201416	nan	1.2
22.39577865600586	nan	1.2
22.41128158569336	nan	1.2
22.426480054855347	nan	1.2
22.44263792037964	nan	1.2
22.45747971534729	nan	1.2
22.473328113555908	nan	1.2
22.48968505859375	nan	1.2
22.50518226623535	nan	1.2
22.519713878631592	nan	1.2
22.532906770706177	nan	1.2
22.5446834564209	nan	1.2
22.555667877197266	nan	1.2
22.56935977935791	nan	1.2
22.581489086151123	nan	1.2
22.594988107681274	nan	1.2
22.608813047409058	nan	1.2
22.621639013290405	nan	1.2
22.632911443710327	nan	1.2
22.64653992652893	nan	1.2
22.660203218460083	nan	1.2
22.673006057739258	nan	1.2
22.686016082763672	nan	1.2
22.699399709701538	nan	1.2
22.71232271194458	nan	1.2
22.72549080848694	nan	1.2
22.738890171051025	nan	1.2
22.75386071205139	nan	1.2
22.767659664154053	nan	1.2
22.77926802635193	nan	1.2
22.79215359687805	nan	1.2
22.80569338798523	nan	1.2
22.82005739212036	nan	1.2
22.83343195915222	nan	1.2
22.84752869606018	nan	1.2
22.858375549316406	nan	1.2
22.870041370391846	nan	1.2
22.884586811065674	nan	1.2
22.898042917251587	nan	1.2
22.90932607650757	nan	1.2
22.920593738555908	nan	1.2
22.934031009674072	nan	1.2
22.94687056541443	nan	1.2
22.958993911743164	nan	1.2
22.972245693206787	nan	1.2
22.98476004600525	nan	1.2
22.995028734207153	nan	1.2
23.0065815448761	nan	1.2
23.020143508911133	nan	1.2
23.032685041427612	nan	1.2
23.04655146598816	nan	1.2
23.0610830783844	nan	1.2
23.074804544448853	nan	1.2
23.08717370033264	nan	1.2
23.10036301612854	nan	1.2
23.114708185195923	nan	1.2
23.129217863082886	nan	1.2
23.141457080841064	nan	1.2
23.155293703079224	nan	1.2
23.169070959091187	nan	1.2
23.183765172958374	nan	1.2
23.197227001190186	nan	1.2
23.21079707145691	nan	1.2
23.222320318222046	nan	1.2
23.233097553253174	nan	1.2
23.247249841690063	nan	1.2
23.26103186607361	nan	1.2
23.272975206375122	nan	1.2
23.286637783050537	nan	1.2
23.299774646759033	nan	1.2
23.310534954071045	nan	1.2
23.322062492370605	nan	1.2
23.335894346237183	nan	1.2
23.348628997802734	nan	1.2
23.3609516620636	nan	1.2
23.374669075012207	nan	1.2
23.388766765594482	nan	1.2
23.399670362472534	nan	1.2
23.412788152694702	nan	1.2
23.426968574523926	nan	1.2
23.44019913673401	nan	1.2
23.454427242279053	nan	1.2
23.46816372871399	nan	1.2
23.48245143890381	nan	1.2
23.49556279182434	nan	1.2
23.512409925460815	nan	1.2
23.525967836380005	nan	1.2
23.538679361343384	nan	1.2
23.551004886627197	nan	1.2
23.56562066078186	nan	1.2
23.57870650291443	nan	1.2
23.590264558792114	nan	1.2
23.60400128364563	nan	1.2
23.61747121810913	nan	1.2
23.62914538383484	nan	1.2
23.641111612319946	nan	1.2
23.65488290786743	nan	1.2
23.666818380355835	nan	1.2
23.677443265914917	nan	1.2
23.690803050994873	nan	1.2
23.704558849334717	nan	1.2
23.716933012008667	nan	1.2
23.728862762451172	nan	1.2
23.74238395690918	nan	1.2
23.753551483154297	nan	1.2
23.764636754989624	nan	1.2
23.77517318725586	nan	1.2
23.788766145706177	nan	1.2
23.801188468933105	nan	1.2
23.814663887023926	nan	1.2
23.828049421310425	nan	1.2
23.84026050567627	nan	1.2
23.850636959075928	nan	1.2
23.8632972240448	nan	1.2
23.877209424972534	nan	1.2
23.89054012298584	nan	1.2
23.903170108795166	nan	1.2
23.91664481163025	nan	1.2
23.929169178009033	nan	1.2
23.941831350326538	nan	1.2
23.955392360687256	nan	1.2
23.968602180480957	nan	1.2
23.98268485069275	nan	1.2
23.993623971939087	nan	1.2
24.006267547607422	nan	1.2
24.01958727836609	nan	1.2
24.03258442878723	nan	1.2
24.04511308670044	nan	1.2
24.058866024017334	nan	1.2
24.071677923202515	nan	1.2
24.085684537887573	nan	1.2
24.100841760635376	nan	1.2
24.114866495132446	nan	1.2
24.127391576766968	nan	1.2
24.14110279083252	nan	1.2
24.156880617141724	nan	1.2
24.167760610580444	nan	1.2
24.182875156402588	nan	1.2
24.1970431804657	nan	1.2
24.210559129714966	nan	1.2
24.226083278656006	nan	1.2
24.241670846939087	nan	1.2
24.255061149597168	nan	1.2
24.269352674484253	nan	1.2
24.284557342529297	nan	1.2
24.300822019577026	nan	1.2
24.31398916244507	nan	1.2
24.32840323448181	nan	1.2
24.343568086624146	nan	1.2
24.357277393341064	nan	1.2
24.372924089431763	nan	1.2
24.38904309272766	nan	1.2
24.402600049972534	nan	1.2
24.417417287826538	nan	1.2
24.43545436859131	nan	1.2
24.451181411743164	nan	1.2
24.46546506881714	nan	1.2
24.480019092559814	nan	1.2
24.49475121498108	nan	1.2
24.509085178375244	nan	1.2
24.52148985862732	nan	1.2
24.535162925720215	nan	1.2
24.552273273468018	nan	1.2
24.565921545028687	nan	1.2
24.57912015914917	nan	1.2
24.592966556549072	nan	1.2
24.603726863861084	nan	1.2
24.614158391952515	nan	1.2
24.62787938117981	nan	1.2
24.6420259475708	nan	1.2
24.656251907348633	nan	1.2
24.670332670211792	nan	1.2
24.686822414398193	nan	1.2
24.698652267456055	nan	1.2
24.713005542755127	nan	1.2
24.728418350219727	nan	1.2
24.746561765670776	nan	1.2
24.76204800605774	nan	1.2
24.77526044845581	nan	1.2
24.788996934890747	nan	1.2
24.802624940872192	nan	1.2
24.815889596939087	nan	1.2
24.82957935333252	nan	1.2
24.841546773910522	nan	1.2
24.854466199874878	nan	1.2
24.866708755493164	nan	1.2
24.880087852478027	nan	1.2
24.892400979995728	nan	1.2
24.906466960906982	nan	1.2
24.918052911758423	nan	1.2
24.929791927337646	nan	1.2
24.943087100982666	nan	1.2
24.95683789253235	nan	1.2
24.968692779541016	nan	1.2
24.98136067390442	nan	1.2
24.995375156402588	nan	1.2
25.007001638412476	nan	1.2
25.018219470977783	nan	1.2
25.031654834747314	nan	1.2
25.045366048812866	nan	1.2
25.05811643600464	nan	1.2
25.072325468063354	nan	1.2
25.089220762252808	nan	1.2
25.100839376449585	nan	1.2
25.114795446395874	nan	1.2
25.12941813468933	nan	1.2
25.1416232585907	nan	1.2
25.15517807006836	nan	1.2
25.169328451156616	nan	1.2
25.183956146240234	nan	1.2
25.19801902770996	nan	1.2
25.211444854736328	nan	1.2
25.22509241104126	nan	1.2
25.240195751190186	nan	1.2
25.254506826400757	nan	1.2
25.270558834075928	nan	1.2
25.283286094665527	nan	1.2
25.29528522491455	nan	1.2
25.31122851371765	nan	1.2
25.32593297958374	nan	1.2
25.338847637176514	nan	1.2
25.354949712753296	nan	1.2
25.36822485923767	nan	1.2
25.37925958633423	nan	1.2
25.392597198486328	nan	1.2
25.40730357170105	nan	1.2
25.42004919052124	nan	1.2
25.43428897857666	nan	1.2
25.449691772460938	nan	1.2
25.462294340133667	nan	1.2
25.47709560394287	nan	1.2
25.49174213409424	nan	1.2
25.506880283355713	nan	1.2
25.52220845222473	nan	1.2
25.540416717529297	nan	1.2
25.55640482902527	nan	1.2
25.570879220962524	nan	1.2
25.58874225616455	nan	1.2
25.605059385299683	nan	1.2
25.618818998336792	nan	1.2
25.636616945266724	nan	1.2
25.65150737762451	nan	1.2
25.66577124595642	nan	1.2
25.680190563201904	nan	1.2
25.693819761276245	nan	1.2
25.7054603099823	nan	1.2
25.72152590751648	nan	1.2
25.7366042137146	nan	1.2
25.750160694122314	nan	1.2
25.764454126358032	nan	1.2
25.779038429260254	nan	1.2
25.791182279586792	nan	1.2
25.804609775543213	nan	1.2
25.819010257720947	nan	1.2
25.833372116088867	nan	1.2
25.84622359275818	nan	1.2
25.85962152481079	nan	1.2
25.875104665756226	nan	1.2
25.88889765739441	nan	1.2
25.902235984802246	nan	1.2
25.91809582710266	nan	1.2
25.93224596977234	nan	1.2
25.94705295562744	nan	1.2
25.962900400161743	nan	1.2
25.975090265274048	nan	1.2
25.986709356307983	nan	1.2
26.000401735305786	nan	1.2
26.01466464996338	nan	1.2
26.02675199508667	nan	1.2
26.04317283630371	nan	1.2
26.0578556060791	nan	1.2
26.069517374038696	nan	1.2
26.08503794670105	nan	1.2
26.100579500198364	nan	1.2
26.11498522758484	nan	1.2
26.13113522529602	nan	1.2
26.146918773651123	nan	1.2
26.15953493118286	nan	1.2
26.174705982208252	nan	1.2
26.190726041793823	nan	1.2
26.20625352859497	nan	1.2
26.222238779067993	nan	1.2
26.235238075256348	nan	1.2
26.249402046203613	nan	1.2
26.264687299728394	nan	1.2
26.28033185005188	nan	1.2
26.293521642684937	nan	1.2
26.307709455490112	nan	1.2
26.32631516456604	nan	1.2
26.3413028717041	nan	1.2
26.356836080551147	nan	1.2
26.371569633483887	nan	1.2
26.38804841041565	nan	1.2
26.402953386306763	nan	1.2
26.4181227684021	nan	1.2
26.43557858467102	nan	1.2
26.451334238052368	nan	1.2
26.467397928237915	nan	1.2
26.481624126434326	nan	1.2
26.496466398239136	nan	1.2
26.512110948562622	nan	1.2
26.527518033981323	nan	1.2
26.53885817527771	nan	1.2
26.55213975906372	nan	1.2
26.568201065063477	nan	1.2
26.580530643463135	nan	1.2
26.59458088874817	nan	1.2
26.608388900756836	nan	1.2
26.622461795806885	nan	1.2
26.63685417175293	nan	1.2
26.659903526306152	nan	1.2
26.67579483985901	nan	1.2
26.689598321914673	nan	1.2
26.70356297492981	nan	1.2
26.71915912628174	nan	1.2
26.73352575302124	nan	1.2
26.74776554107666	nan	1.2
26.76166820526123	nan	1.2
26.77544355392456	nan	1.2
26.790508031845093	nan	1.2
26.80492091178894	nan	1.2
26.8185613155365	nan	1.2
26.832406997680664	nan	1.2
26.847427129745483	nan	1.2
26.86270308494568	nan	1.2
26.876643896102905	nan	1.2
26.89148449897766	nan	1.2
26.903696060180664	nan	1.2
26.91688346862793	nan	1.2
26.930779457092285	nan	1.2
26.945143222808838	nan	1.2
26.958703994750977	nan	1.2
26.978177070617676	nan	1.2
26.990144729614258	nan	1.2
27.002307176589966	nan	1.2
27.018031358718872	nan	1.2
27.031687021255493	nan	1.2
27.046006202697754	nan	1.2
27.060468196868896	nan	1.2
27.075804233551025	nan	1.2
27.09140920639038	nan	1.2
27.10688018798828	nan	1.2
27.124077558517456	nan	1.2
27.139220714569092	nan	1.2
27.15537738800049	nan	1.2
27.17228412628174	nan	1.2
27.18689227104187	nan	1.2
27.201430320739746	nan	1.2
27.216386795043945	nan	1.2
27.228955030441284	nan	1.2
27.240272760391235	nan	1.2
27.255059957504272	nan	1.2
27.269854068756104	nan	1.2
27.284783363342285	nan	1.2
27.300968170166016	nan	1.2
27.31551718711853	nan	1.2
27.328710317611694	nan	1.2
27.344003438949585	nan	1.2
27.360300064086914	nan	1.2
27.375421047210693	nan	1.2
27.38946032524109	nan	1.2
27.40354824066162	nan	1.2
27.4180645942688	nan	1.2
27.43153405189514	nan	1.2
27.446998596191406	nan	1.2
27.45952534675598	nan	1.2
27.47383761405945	nan	1.2
27.48902153968811	nan	1.2
27.50356912612915	nan	1.2
27.517767190933228	nan	1.2
27.53182053565979	nan	1.2
27.546165466308594	nan	1.2
27.558778047561646	nan	1.2
27.573405981063843	nan	1.2
27.588449001312256	nan	1.2
27.600809574127197	nan	1.2
27.6127986907959	nan	1.2
27.62611722946167	nan	1.2
27.639601707458496	nan	1.2
27.65430188179016	nan	1.2
27.668219804763794	nan	1.2
27.682851314544678	nan	1.2
27.697683811187744	nan	1.2
27.711994886398315	nan	1.2
27.726413011550903	nan	1.2
27.743639707565308	nan	1.2
27.754939556121826	nan	1.2
27.7679762840271	nan	1.2
27.782361268997192	nan	1.2
27.796786069869995	nan	1.2
27.810757160186768	nan	1.2
27.825116395950317	nan	1.2
27.840348958969116	nan	1.2
27.85163688659668	nan	1.2
27.865322589874268	nan	1.2
27.87924551963806	nan	1.2
27.8941011428833	nan	1.2
27.908812999725342	nan	1.2
27.922165155410767	nan	1.2
27.944926977157593	nan	1.2
27.962433099746704	nan	1.2
27.975929260253906	nan	1.2
27.990185022354126	nan	1.2
28.00602102279663	nan	1.2
28.01998496055603	nan	1.2
28.035537004470825	nan	1.2
28.050227165222168	nan	1.2
28.064905166625977	nan	1.2
28.079177141189575	nan	1.2
28.10114574432373	nan	1.2
28.12009334564209	nan	1.2
28.13570284843445	nan	1.2
28.152356386184692	nan	1.2
28.170247316360474	nan	1.2
28.187899589538574	nan	1.2
28.208044290542603	nan	1.2
28.225489377975464	nan	1.2
28.24131488800049	nan	1.2
28.25904130935669	nan	1.2
28.27530026435852	nan	1.2
28.287933111190796	nan	1.2
28.303999662399292	nan	1.2
28.317920684814453	nan	1.2
28.331836462020874	nan	1.2
28.347315311431885	nan	1.2
28.36168360710144	nan	1.2
28.374277353286743	nan	1.2
28.388378858566284	nan	1.2
28.404024839401245	nan	1.2
28.42066740989685	nan	1.2
28.435669660568237	nan	1.2
28.451266050338745	nan	1.2
28.466116666793823	nan	1.2
28.48091220855713	nan	1.2
28.497222423553467	nan	1.2
28.512853145599365	nan	1.2
28.528419256210327	nan	1.2
28.54377794265747	nan	1.2
28.560739278793335	nan	1.2
28.577870845794678	nan	1.2
28.592511415481567	nan	1.2
28.60732364654541	nan	1.2
28.62269878387451	nan	1.2
28.637465238571167	nan	1.2
28.653223276138306	nan	1.2
28.668646335601807	nan	1.2
28.682796478271484	nan	1.2
28.69563364982605	nan	1.2
28.709261178970337	nan	1.2
28.724518060684204	nan	1.2
28.73797106742859	nan	1.2
28.751610279083252	nan	1.2
28.766037702560425	nan	1.2
28.779224634170532	nan	1.2
28.792823553085327	nan	1.2
28.805208921432495	nan	1.2
28.830912590026855	nan	1.2
28.84249520301819	nan	1.2
28.8555269241333	nan	1.2
28.87038540840149	nan	1.2
28.88326096534729	nan	1.2
28.895533561706543	nan	1.2
28.909233570098877	nan	1.2
28.923124313354492	nan	1.2
28.934650897979736	nan	1.2
28.948988676071167	nan	1.2
28.963695287704468	nan	1.2
28.977357387542725	nan	1.2
28.99228572845459	nan	1.2
29.006142616271973	nan	1.2
29.020236015319824	nan	1.2
29.03330111503601	nan	1.2
29.047359704971313	nan	1.2
29.06202244758606	nan	1.2
29.073973417282104	nan	1.2
29.089221239089966	nan	1.2
29.103904247283936	nan	1.2
29.118627786636353	nan	1.2
29.13094425201416	nan	1.2
29.146012783050537	nan	1.2
29.160696268081665	nan	1.2
29.17513632774353	nan	1.2
29.19046974182129	nan	1.2
29.205770254135132	nan	1.2
29.218086004257202	nan	1.2
29.232024431228638	nan	1.2
29.24612069129944	nan	1.2
29.26108145713806	nan	1.2
29.275856733322144	nan	1.2
29.29068946838379	nan	1.2
29.302769899368286	nan	1.2
29.316905736923218	nan	1.2
29.335307359695435	nan	1.2
29.350770473480225	nan	1.2
29.364785194396973	nan	1.2
29.37890887260437	nan	1.2
29.39436912536621	nan	1.2
29.40857720375061	nan	1.2
29.42417287826538	nan	1.2
29.438629388809204	nan	1.2
29.450485944747925	nan	1.2
29.462031364440918	nan	1.2
29.478137016296387	nan	1.2
29.49332594871521	nan	1.2
29.507580995559692	nan	1.2
29.522971868515015	nan	1.2
29.537888526916504	nan	1.2
29.550448656082153	nan	1.2
29.57011866569519	nan	1.2
29.587357759475708	nan	1.2
29.60095453262329	nan	1.2
29.615155458450317	nan	1.2
29.630165338516235	nan	1.2
29.64486265182495	nan	1.2
29.65753936767578	nan	1.2
29.67178964614868	nan	1.2
29.686115264892578	nan	1.2
29.69945526123047	nan	1.2
29.71414017677307	nan	1.2
29.729102611541748	nan	1.2
29.742005825042725	nan	1.2
29.755871772766113	nan	1.2
29.770936250686646	nan	1.2
29.783154010772705	nan	1.2
29.79835796356201	nan	1.2
29.812878847122192	nan	1.2
29.82418942451477	nan	1.2
29.83635926246643	nan	1.2
29.851201057434082	nan	1.2
29.86592435836792	nan	1.2
29.87938117980957	nan	1.2
29.893893480300903	nan	1.2
29.907899618148804	nan	1.2
29.921614408493042	nan	1.2
29.935099124908447	nan	1.2
29.94934630393982	nan	1.2
29.96386170387268	nan	1.2
29.976516246795654	nan	1.2
29.989856719970703	nan	1.2
30.00517511367798	nan	1.2
30.01927423477173	nan	1.2
30.034123182296753	nan	1.2
30.048911809921265	nan	1.2
30.06186079978943	nan	1.2
30.078782558441162	nan	1.2
30.095672369003296	nan	1.2
30.113096237182617	nan	1.2
30.130579948425293	nan	1.2
30.147090911865234	nan	1.2
30.16405987739563	nan	1.2
30.183247566223145	nan	1.2
30.199844360351562	nan	1.2
30.213938236236572	nan	1.2
30.2279109954834	nan	1.2
30.243561267852783	nan	1.2
30.25842022895813	nan	1.2
30.272935390472412	nan	1.2
30.28770613670349	nan	1.2
30.301589965820312	nan	1.2
30.315218448638916	nan	1.2
30.3352472782135	nan	1.2
30.349683046340942	nan	1.2
30.365822076797485	nan	1.2
30.381465673446655	nan	1.2
30.39517092704773	nan	1.2
30.410406827926636	nan	1.2
30.42892289161682	nan	1.2
30.442299127578735	nan	1.2
30.456616401672363	nan	1.2
30.472176790237427	nan	1.2
30.487534046173096	nan	1.2
30.50174570083618	nan	1.2
30.517870664596558	nan	1.2
30.53288745880127	nan	1.2
30.548451900482178	nan	1.2
30.565483331680298	nan	1.2
30.579648971557617	nan	1.2
30.591047525405884	nan	1.2
30.606709003448486	nan	1.2
30.621551513671875	nan	1.2
30.63465929031372	nan	1.2
30.65016007423401	nan	1.2
30.66477656364441	nan	1.2
30.676697254180908	nan	1.2
30.691147089004517	nan	1.2
30.705881357192993	nan	1.2
30.719136476516724	nan	1.2
30.732966661453247	nan	1.2
30.74666476249695	nan	1.2
30.759522199630737	nan	1.2
30.773632287979126	nan	1.2
30.78813076019287	nan	1.2
30.804416179656982	nan	1.2
30.819527864456177	nan	1.2
30.833012342453003	nan	1.2
30.847731828689575	nan	1.2
30.861752033233643	nan	1.2
30.874667644500732	nan	1.2
30.88987970352173	nan	1.2
30.903318881988525	nan	1.2
30.91456961631775	nan	1.2
30.928289890289307	nan	1.2
30.942524194717407	nan	1.2
30.95488429069519	nan	1.2
30.968777179718018	nan	1.2
30.982909440994263	nan	1.2
30.993765592575073	nan	1.2
31.006234407424927	nan	1.2
31.02265501022339	nan	1.2
31.036425590515137	nan	1.2
31.051501989364624	nan	1.2
31.06654191017151	nan	1.2
31.080126762390137	nan	1.2
31.095152616500854	nan	1.2
31.110522747039795	nan	1.2
31.125924825668335	nan	1.2
31.141047716140747	nan	1.2
31.155420303344727	nan	1.2
31.17114567756653	nan	1.2
31.18570590019226	nan	1.2
31.200372457504272	nan	1.2
31.21548819541931	nan	1.2
31.22966718673706	nan	1.2
31.24446153640747	nan	1.2
31.25994110107422	nan	1.2
31.272993564605713	nan	1.2
31.285709857940674	nan	1.2
31.300953149795532	nan	1.2
31.3144793510437	nan	1.2
31.32825231552124	nan	1.2
31.345332384109497	nan	1.2
31.359171867370605	nan	1.2
31.370517253875732	nan	1.2
31.387076139450073	nan	1.2
31.40161442756653	nan	1.2
31.416081190109253	nan	1.2
31.432265520095825	nan	1.2
31.44584631919861	nan	1.2
31.46036410331726	nan	1.2
31.475887775421143	nan	1.2
31.49133849143982	nan	1.2
31.50692319869995	nan	1.2
31.522536277770996	nan	1.2
31.539666652679443	nan	1.2
31.553997039794922	nan	1.2
31.56929588317871	nan	1.2
31.584396839141846	nan	1.2
31.59632968902588	nan	1.2
31.608921766281128	nan	1.2
31.624310970306396	nan	1.2
31.638442516326904	nan	1.2
31.651604652404785	nan	1.2
31.667519569396973	nan	1.2
31.68146562576294	nan	1.2
31.69331932067871	nan	1.2
31.709200620651245	nan	1.2
31.72459626197815	nan	1.2
31.73943018913269	nan	1.2
31.75446891784668	nan	1.2
31.76670241355896	nan	1.2
31.77964186668396	nan	1.2
31.791505813598633	nan	1.2
31.80482268333435	nan	1.2
31.81871509552002	nan	1.2
31.830584049224854	nan	1.2
31.84151315689087	nan	1.2
31.8558611869812	nan	1.2
31.86754274368286	nan	1.2
31.87827730178833	nan	1.2
31.891197204589844	nan	1.2
31.905680656433105	nan	1.2
31.91654634475708	nan	1.2
31.927440881729126	nan	1.2
31.940423488616943	nan	1.2
31.953007221221924	nan	1.2
31.963666915893555	nan	1.2
31.97376561164856	nan	1.2
31.98766040802002	nan	1.2
32.00024747848511	nan	1.2
32.011114835739136	nan	1.2
32.02618384361267	nan	1.2
32.03989052772522	nan	1.2
32.050965309143066	nan	1.2
32.061667919158936	nan	1.2
32.08139514923096	nan	1.2
32.09513187408447	nan	1.2
32.109557151794434	nan	1.2
32.1228928565979	nan	1.2
32.135955572128296	nan	1.2
32.14901161193848	nan	1.2
32.162697076797485	nan	1.2
32.17717242240906	nan	1.2
32.1907696723938	nan	1.2
32.20181059837341	nan	1.2
32.21319794654846	nan	1.2
32.228395223617554	nan	1.2
32.24104285240173	nan	1.2
32.251920223236084	nan	1.2
32.26641774177551	nan	1.2
32.28059768676758	nan	1.2
32.29279661178589	nan	1.2
32.30559730529785	nan	1.2
32.32089304924011	nan	1.2
32.333128452301025	nan	1.2
32.34576082229614	nan	1.2
32.360679626464844	nan	1.2
32.372310638427734	nan	1.2
32.3842511177063	nan	1.2
32.39980363845825	nan	1.2
32.415751695632935	nan	1.2
32.42926549911499	nan	1.2
32.440330266952515	nan	1.2
32.4525945186615	nan	1.2
32.46731996536255	nan	1.2
32.48012852668762	nan	1.2
32.49430727958679	nan	1.2
32.50952672958374	nan	1.2
32.52271318435669	nan	1.2
32.53483057022095	nan	1.2
32.55036640167236	nan	1.2
32.56416368484497	nan	1.2
32.57634949684143	nan	1.2
32.58892893791199	nan	1.2
32.60267400741577	nan	1.2
32.61363244056702	nan	1.2
32.62538027763367	nan	1.2
32.6394579410553	nan	1.2
32.65488648414612	nan	1.2
32.66658091545105	nan	1.2
32.677876710891724	nan	1.2
32.68916869163513	nan	1.2
32.70226788520813	nan	1.2
32.71306300163269	nan	1.2
32.72507190704346	nan	1.2
32.73707580566406	nan	1.2
32.748525619506836	nan	1.2
32.75997066497803	nan	1.2
32.77186703681946	nan	1.2
32.785402059555054	nan	1.2
32.796900033950806	nan	1.2
32.808176040649414	nan	1.2
32.81975793838501	nan	1.2
32.83296084403992	nan	1.2
32.84474444389343	nan	1.2
32.856764793395996	nan	1.2
32.8693106174469	nan	1.2
32.882349729537964	nan	1.2
32.89289927482605	nan	1.2
32.903895139694214	nan	1.2
32.91789698600769	nan	1.2
32.93087387084961	nan	1.2
32.94203209877014	nan	1.2
32.96446776390076	nan	1.2
32.975805044174194	nan	1.2
32.98678421974182	nan	1.2
33.00030851364136	nan	1.2
33.014652490615845	nan	1.2
33.0265166759491	nan	1.2
33.03852081298828	nan	1.2
33.05066466331482	nan	1.2
33.06241154670715	nan	1.2
33.073500633239746	nan	1.2
33.08822560310364	nan	1.2
33.10313534736633	nan	1.2
33.11636018753052	nan	1.2
33.12821316719055	nan	1.2
33.13954210281372	nan	1.2
33.15460562705994	nan	1.2
33.16747570037842	nan	1.2
33.180012226104736	nan	1.2
33.19530916213989	nan	1.2
33.208828926086426	nan	1.2
33.219664096832275	nan	1.2
33.231744050979614	nan	1.2
33.24976205825806	nan	1.2
33.262269496917725	nan	1.2
33.27486801147461	nan	1.2
33.28818225860596	nan	1.2
33.30034422874451	nan	1.2
33.31267738342285	nan	1.2
33.329296350479126	nan	1.2
33.343841791152954	nan	1.2
33.356653690338135	nan	1.2
33.36874604225159	nan	1.2
33.382182121276855	nan	1.2
33.396061420440674	nan	1.2
33.408652782440186	nan	1.2
33.42178225517273	nan	1.2
33.43657660484314	nan	1.2
33.448628664016724	nan	1.2
33.45949625968933	nan	1.2
33.47375464439392	nan	1.2
33.48827004432678	nan	1.2
33.500441789627075	nan	1.2
33.514017820358276	nan	1.2
33.52894711494446	nan	1.2
33.540552377700806	nan	1.2
33.55201745033264	nan	1.2
33.56713914871216	nan	1.2
33.58017945289612	nan	1.2
33.591516733169556	nan	1.2
33.604987382888794	nan	1.2
33.61891746520996	nan	1.2
33.63083028793335	nan	1.2
33.64252591133118	nan	1.2
33.6549916267395	nan	1.2
33.666972637176514	nan	1.2
33.67791032791138	nan	1.2
33.69004511833191	nan	1.2
33.703336238861084	nan	1.2
33.716768741607666	nan	1.2
33.72820973396301	nan	1.2
33.74057579040527	nan	1.2
33.75242018699646	nan	1.2
33.76350712776184	nan	1.2
33.77463912963867	nan	1.2
33.78682231903076	nan	1.2
33.801546812057495	nan	1.2
33.81402635574341	nan	1.2
33.824676752090454	nan	1.2
33.83781695365906	nan	1.2
33.8514244556427	nan	1.2
33.86287331581116	nan	1.2
33.87726163864136	nan	1.2
33.89139270782471	nan	1.2
33.902833700180054	nan	1.2
33.91362714767456	nan	1.2
33.927915811538696	nan	1.2
33.941298484802246	nan	1.2
33.95343589782715	nan	1.2
33.968226194381714	nan	1.2
33.980661392211914	nan	1.2
33.99181079864502	nan	1.2
34.00281500816345	nan	1.2
34.0166392326355	nan	1.2
34.030349016189575	nan	1.2
34.04115676879883	nan	1.2
34.05295252799988	nan	1.2
34.063918590545654	nan	1.2
34.07731485366821	nan	1.2
34.09004616737366	nan	1.2
34.10295248031616	nan	1.2
34.118051290512085	nan	1.2
34.13063430786133	nan	1.2
34.14230418205261	nan	1.2
34.157694816589355	nan	1.2
34.17208003997803	nan	1.2
34.18493604660034	nan	1.2
34.19629192352295	nan	1.2
34.21016001701355	nan	1.2
34.227662801742554	nan	1.2
34.24089431762695	nan	1.2
34.25586795806885	nan	1.2
34.26814389228821	nan	1.2
34.279080867767334	nan	1.2
34.294121980667114	nan	1.2
34.30900049209595	nan	1.2
34.320555210113525	nan	1.2
34.33330678939819	nan	1.2
34.347986936569214	nan	1.2
34.36019778251648	nan	1.2
34.37270665168762	nan	1.2
34.38896727561951	nan	1.2
34.40412139892578	nan	1.2
34.417765617370605	nan	1.2
34.429656982421875	nan	1.2
34.44309973716736	nan	1.2
34.455235958099365	nan	1.2
34.46679735183716	nan	1.2
34.48121428489685	nan	1.2
34.49562120437622	nan	1.2
34.50693964958191	nan	1.2
34.51823616027832	nan	1.2
34.53174042701721	nan	1.2
34.54605007171631	nan	1.2
34.55766248703003	nan	1.2
34.57130813598633	nan	1.2
34.58591103553772	nan	1.2
34.596965312957764	nan	1.2
34.609042167663574	nan	1.2
34.62307000160217	nan	1.2
34.63504481315613	nan	1.2
34.64765501022339	nan	1.2
34.66058659553528	nan	1.2
34.67290449142456	nan	1.2
34.68497443199158	nan	1.2
34.69600057601929	nan	1.2
34.70926308631897	nan	1.2
34.723347425460815	nan	1.2
34.73518943786621	nan	1.2
34.7465398311615	nan	1.2
34.758079051971436	nan	1.2
34.76988744735718	nan	1.2
34.78162455558777	nan	1.2
34.79370617866516	nan	1.2
34.80753254890442	nan	1.2
34.82047510147095	nan	1.2
34.83113503456116	nan	1.2
34.84498310089111	nan	1.2
34.85907793045044	nan	1.2
34.870184898376465	nan	1.2
34.88379883766174	nan	1.2
34.89803075790405	nan	1.2
34.90892481803894	nan	1.2
34.92008638381958	nan	1.2
34.934643268585205	nan	1.2
34.948681592941284	nan	1.2
34.9600772857666	nan	1.2
34.97107934951782	nan	1.2
34.9859836101532	nan	1.2
34.99849462509155	nan	1.2
35.009711265563965	nan	1.2
35.02228832244873	nan	1.2
35.03556180000305	nan	1.2
35.0469856262207	nan	1.2
35.058863401412964	nan	1.2
35.07297992706299	nan	1.2
35.087705850601196	nan	1.2
35.100000619888306	nan	1.2
35.11173391342163	nan	1.2
35.125527143478394	nan	1.2
35.138673067092896	nan	1.2
35.15254020690918	nan	1.2
35.16576361656189	nan	1.2
35.18227505683899	nan	1.2
35.19394278526306	nan	1.2
35.20592999458313	nan	1.2
35.220603704452515	nan	1.2
35.233988761901855	nan	1.2
35.24818253517151	nan	1.2
35.26309275627136	nan	1.2
35.275742053985596	nan	1.2
35.286938190460205	nan	1.2
35.30088210105896	nan	1.2
35.31564497947693	nan	1.2
35.3283486366272	nan	1.2
35.340423583984375	nan	1.2
35.3540575504303	nan	1.2
35.36860775947571	nan	1.2
35.38197731971741	nan	1.2
35.39698791503906	nan	1.2
35.411473751068115	nan	1.2
35.42432951927185	nan	1.2
35.435648679733276	nan	1.2
35.44924306869507	nan	1.2
35.46321082115173	nan	1.2
35.4755916595459	nan	1.2
35.488990783691406	nan	1.2
35.50782322883606	nan	1.2
35.519171953201294	nan	1.2
35.53118920326233	nan	1.2
35.545931816101074	nan	1.2
35.5597665309906	nan	1.2
35.5710985660553	nan	1.2
35.58553194999695	nan	1.2
35.59861946105957	nan	1.2
35.610170125961304	nan	1.2
35.62195372581482	nan	1.2
35.63663411140442	nan	1.2
35.649508476257324	nan	1.2
35.660420417785645	nan	1.2
35.672035932540894	nan	1.2
35.68425941467285	nan	1.2
35.697378396987915	nan	1.2
35.708271980285645	nan	1.2
35.72046995162964	nan	1.2
35.73203945159912	nan	1.2
35.74371361732483	nan	1.2
35.754958152770996	nan	1.2
35.76781964302063	nan	1.2
35.781065225601196	nan	1.2
35.79200077056885	nan	1.2
35.80308818817139	nan	1.2
35.81388974189758	nan	1.2
35.82757306098938	nan	1.2
35.83958196640015	nan	1.2
35.85141110420227	nan	1.2
35.866249561309814	nan	1.2
35.878544330596924	nan	1.2
35.88957667350769	nan	1.2
35.90416717529297	nan	1.2
35.91832208633423	nan	1.2
35.93156170845032	nan	1.2
35.9457471370697	nan	1.2
35.960227727890015	nan	1.2
35.971073389053345	nan	1.2
35.98331427574158	nan	1.2
35.99827694892883	nan	1.2
36.01079750061035	nan	1.2
36.02303457260132	nan	1.2
36.036190032958984	nan	1.2
36.04824471473694	nan	1.2
36.059980154037476	nan	1.2
36.07220125198364	nan	1.2
36.08647871017456	nan	1.2
36.10072183609009	nan	1.2
36.11650991439819	nan	1.2
36.131152391433716	nan	1.2
36.14530539512634	nan	1.2
36.15727925300598	nan	1.2
36.17209529876709	nan	1.2
36.187206745147705	nan	1.2
36.20005774497986	nan	1.2
36.21140933036804	nan	1.2
36.227874517440796	nan	1.2
36.24290442466736	nan	1.2
36.25580930709839	nan	1.2
36.268967628479004	nan	1.2
36.2835373878479	nan	1.2
36.29446196556091	nan	1.2
36.30666542053223	nan	1.2
36.32163429260254	nan	1.2
36.335932970047	nan	1.2
36.34796667098999	nan	1.2
36.36063361167908	nan	1.2
36.37403345108032	nan	1.2
36.387500286102295	nan	1.2
36.399702072143555	nan	1.2
36.41650176048279	nan	1.2
36.43110704421997	nan	1.2
36.44320487976074	nan	1.2
36.45404005050659	nan	1.2
36.46922254562378	nan	1.2
36.48140478134155	nan	1.2
36.4927921295166	nan	1.2
36.50585889816284	nan	1.2
36.52055549621582	nan	1.2
36.53290891647339	nan	1.2
36.54852819442749	nan	1.2
36.5633807182312	nan	1.2
36.57511520385742	nan	1.2
36.587164878845215	nan	1.2
36.60203790664673	nan	1.2
36.615100383758545	nan	1.2
36.626126527786255	nan	1.2
36.638004779815674	nan	1.2
36.64985156059265	nan	1.2
36.661595582962036	nan	1.2
36.67475891113281	nan	1.2
36.68789482116699	nan	1.2
36.70141315460205	nan	1.2
36.71279692649841	nan	1.2
36.724411487579346	nan	1.2
36.73599982261658	nan	1.2
36.749091386795044	nan	1.2
36.76046061515808	nan	1.2
36.77215003967285	nan	1.2
36.78571677207947	nan	1.2
36.7983136177063	nan	1.2
36.80933880805969	nan	1.2
36.82134675979614	nan	1.2
36.83719754219055	nan	1.2
36.84887099266052	nan	1.2
36.861509799957275	nan	1.2
36.876055002212524	nan	1.2
36.888601541519165	nan	1.2
36.89988303184509	nan	1.2
36.914976358413696	nan	1.2
36.929094076156616	nan	1.2
36.94168448448181	nan	1.2
36.95481252670288	nan	1.2
36.968303203582764	nan	1.2
36.980093002319336	nan	1.2
36.992796421051025	nan	1.2
37.00730895996094	nan	1.2
37.02081823348999	nan	1.2
37.03250002861023	nan	1.2
37.04469871520996	nan	1.2
37.0560142993927	nan	1.2
37.06940817832947	nan	1.2
37.08168959617615	nan	1.2
37.09479475021362	nan	1.2
37.110204219818115	nan	1.2
37.123223304748535	nan	1.2
37.135498046875	nan	1.2
37.147934675216675	nan	1.2
37.16116118431091	nan	1.2
37.17317795753479	nan	1.2
37.18797445297241	nan	1.2
37.2022225856781	nan	1.2
37.214388847351074	nan	1.2
37.22657585144043	nan	1.2
37.244709491729736	nan	1.2
37.258676052093506	nan	1.2
37.270142793655396	nan	1.2
37.286128997802734	nan	1.2
37.30026316642761	nan	1.2
37.31287455558777	nan	1.2
37.328375577926636	nan	1.2
37.34160375595093	nan	1.2
37.353344202041626	nan	1.2
37.3652069568634	nan	1.2
37.379587173461914	nan	1.2
37.392189741134644	nan	1.2
37.40485882759094	nan	1.2
37.41825985908508	nan	1.2
37.431447982788086	nan	1.2
37.442580699920654	nan	1.2
37.455965518951416	nan	1.2
37.46959161758423	nan	1.2
37.48503303527832	nan	1.2
37.49695086479187	nan	1.2
37.50962710380554	nan	1.2
37.523540019989014	nan	1.2
37.5379524230957	nan	1.2
37.550143003463745	nan	1.2
37.56502175331116	nan	1.2
37.57943630218506	nan	1.2
37.59097170829773	nan	1.2
37.60267758369446	nan	1.2
37.61739182472229	nan	1.2
37.63076329231262	nan	1.2
37.643150329589844	nan	1.2
37.655017375946045	nan	1.2
37.667214155197144	nan	1.2
37.679133892059326	nan	1.2
37.69146251678467	nan	1.2
37.704538345336914	nan	1.2
37.71893501281738	nan	1.2
37.73061752319336	nan	1.2
37.741538286209106	nan	1.2
37.753124475479126	nan	1.2
37.765971422195435	nan	1.2
37.77779269218445	nan	1.2
37.79138994216919	nan	1.2
37.806262254714966	nan	1.2
37.817721366882324	nan	1.2
37.8284113407135	nan	1.2
37.842260122299194	nan	1.2
37.85643672943115	nan	1.2
37.86808109283447	nan	1.2
37.880322217941284	nan	1.2
37.89391565322876	nan	1.2
37.90514802932739	nan	1.2
37.91679048538208	nan	1.2
37.93077230453491	nan	1.2
37.94586110115051	nan	1.2
37.95822596549988	nan	1.2
37.96946096420288	nan	1.2
37.98067378997803	nan	1.2
37.99279046058655	nan	1.2
38.004313945770264	nan	1.2
38.016934633255005	nan	1.2
38.02936553955078	nan	1.2
38.04078650474548	nan	1.2
38.051931619644165	nan	1.2
38.06430459022522	nan	1.2
38.07678818702698	nan	1.2
38.0891056060791	nan	1.2
38.100568532943726	nan	1.2
38.11348342895508	nan	1.2
38.126888036727905	nan	1.2
38.13817095756531	nan	1.2
38.149914026260376	nan	1.2
38.16484975814819	nan	1.2
38.17807078361511	nan	1.2
38.18914842605591	nan	1.2
38.20085549354553	nan	1.2
38.21666121482849	nan	1.2
38.22886919975281	nan	1.2
38.241087913513184	nan	1.2
38.25695037841797	nan	1.2
38.26980233192444	nan	1.2
38.28112554550171	nan	1.2
38.29441213607788	nan	1.2
38.3092520236969	nan	1.2
38.321057081222534	nan	1.2
38.333069801330566	nan	1.2
38.34628677368164	nan	1.2
38.358574628829956	nan	1.2
38.37028789520264	nan	1.2
38.38351893424988	nan	1.2
38.397573709487915	nan	1.2
38.4098539352417	nan	1.2
38.42217445373535	nan	1.2
38.4355092048645	nan	1.2
38.449652671813965	nan	1.2
38.46196413040161	nan	1.2
38.475494146347046	nan	1.2
38.49073672294617	nan	1.2
38.50293207168579	nan	1.2
38.5146758556366	nan	1.2
38.52834343910217	nan	1.2
38.54354691505432	nan	1.2
38.55533719062805	nan	1.2
38.5685818195343	nan	1.2
38.58297872543335	nan	1.2
38.59566807746887	nan	1.2
38.60756516456604	nan	1.2
38.62158179283142	nan	1.2
38.637696981430054	nan	1.2
38.64986968040466	nan	1.2
38.66240429878235	nan	1.2
38.67418313026428	nan	1.2
38.68839192390442	nan	1.2
38.69924449920654	nan	1.2
38.71147561073303	nan	1.2
38.724112033843994	nan	1.2
38.7367730140686	nan	1.2
38.74832558631897	nan	1.2
38.76228952407837	nan	1.2
38.775253772735596	nan	1.2
38.786800146102905	nan	1.2
38.798524379730225	nan	1.2
38.81128644943237	nan	1.2
38.832791328430176	nan	1.2
38.8442645072937	nan	1.2
38.85870099067688	nan	1.2
38.87160396575928	nan	1.2
38.882593870162964	nan	1.2
38.89437246322632	nan	1.2
38.90942335128784	nan	1.2
38.921602964401245	nan	1.2
38.93328332901001	nan	1.2
38.94596767425537	nan	1.2
38.9583945274353	nan	1.2
38.969677686691284	nan	1.2
38.98182773590088	nan	1.2
38.99513077735901	nan	1.2
39.008460521698	nan	1.2
39.019676208496094	nan	1.2
39.031416177749634	nan	1.2
39.0434947013855	nan	1.2
39.05649662017822	nan	1.2
39.068854331970215	nan	1.2
39.08422064781189	nan	1.2
39.099568128585815	nan	1.2
39.11265301704407	nan	1.2
39.12398362159729	nan	1.2
39.139113426208496	nan	1.2
39.153008699417114	nan	1.2
39.16520690917969	nan	1.2
39.182525634765625	nan	1.2
39.197259187698364	nan	1.2
39.20974683761597	nan	1.2
39.22543525695801	nan	1.2
39.24039268493652	nan	1.2
39.25229549407959	nan	1.2
39.266260623931885	nan	1.2
39.27900815010071	nan	1.2
39.29265022277832	nan	1.2
39.30502700805664	nan	1.2
39.31968450546265	nan	1.2
39.335190773010254	nan	1.2
39.3475558757782	nan	1.2
39.35915946960449	nan	1.2
39.37425374984741	nan	1.2
39.38872933387756	nan	1.2
39.400758028030396	nan	1.2
39.41913866996765	nan	1.2
39.43272352218628	nan	1.2
39.44397234916687	nan	1.2
39.45598387718201	nan	1.2
39.471492528915405	nan	1.2
39.48468232154846	nan	1.2
39.49637532234192	nan	1.2
39.51166009902954	nan	1.2
39.52729249000549	nan	1.2
39.53965520858765	nan	1.2
39.551981925964355	nan	1.2
39.564276456832886	nan	1.2
39.57773542404175	nan	1.2
39.589645862579346	nan	1.2
39.602205991744995	nan	1.2
39.61530256271362	nan	1.2
39.62958526611328	nan	1.2
39.64108419418335	nan	1.2
39.65333676338196	nan	1.2
39.66803789138794	nan	1.2
39.6808295249939	nan	1.2
39.693058490753174	nan	1.2
39.70791816711426	nan	1.2
39.72125506401062	nan	1.2
39.73203158378601	nan	1.2
39.744227170944214	nan	1.2
39.760035276412964	nan	1.2
39.77153658866882	nan	1.2
39.78284406661987	nan	1.2
39.79607820510864	nan	1.2
39.80796575546265	nan	1.2
39.81933879852295	nan	1.2
39.830689907073975	nan	1.2
39.844788551330566	nan	1.2
39.8579261302948	nan	1.2
39.8689603805542	nan	1.2
39.880956172943115	nan	1.2
39.892077922821045	nan	1.2
39.90474987030029	nan	1.2
39.916094064712524	nan	1.2
39.92777705192566	nan	1.2
39.94110155105591	nan	1.2
39.954065561294556	nan	1.2
39.96649241447449	nan	1.2
39.97872304916382	nan	1.2
39.99335980415344	nan	1.2
40.00607991218567	nan	1.2
40.01877284049988	nan	1.2
40.03318667411804	nan	1.2
40.04566287994385	nan	1.2
40.056859731674194	nan	1.2
40.070077896118164	nan	1.2
40.08508920669556	nan	1.2
40.09870791435242	nan	1.2
40.11181879043579	nan	1.2
40.12540030479431	nan	1.2
40.13995432853699	nan	1.2
40.15230393409729	nan	1.2
40.16730761528015	nan	1.2
40.18234372138977	nan	1.2
40.196468114852905	nan	1.2
40.20860767364502	nan	1.2
40.2236385345459	nan	1.2
40.23656249046326	nan	1.2
40.248457193374634	nan	1.2
40.26095008850098	nan	1.2
40.276750564575195	nan	1.2
40.289308309555054	nan	1.2
40.30337309837341	nan	1.2
40.31946349143982	nan	1.2
40.331340312957764	nan	1.2
40.34251070022583	nan	1.2
40.357322216033936	nan	1.2
40.37189078330994	nan	1.2
40.38818168640137	nan	1.2
40.4028594493866	nan	1.2
40.4169921875	nan	1.2
40.42922759056091	nan	1.2
40.44287395477295	nan	1.2
40.45726919174194	nan	1.2
40.47138977050781	nan	1.2
40.484944581985474	nan	1.2
40.49744510650635	nan	1.2
40.51219582557678	nan	1.2
40.52525353431702	nan	1.2
40.53953528404236	nan	1.2
40.555235385894775	nan	1.2
40.56817698478699	nan	1.2
40.57935976982117	nan	1.2
40.59253001213074	nan	1.2
40.60769510269165	nan	1.2
40.620956897735596	nan	1.2
40.636091232299805	nan	1.2
40.64970350265503	nan	1.2
40.66101121902466	nan	1.2
40.673421144485474	nan	1.2
40.68871521949768	nan	1.2
40.70076012611389	nan	1.2
40.71281170845032	nan	1.2
40.72546410560608	nan	1.2
40.73750877380371	nan	1.2
40.749502420425415	nan	1.2
40.760761976242065	nan	1.2
40.77372932434082	nan	1.2
40.78851675987244	nan	1.2
40.80083632469177	nan	1.2
40.81265306472778	nan	1.2
40.82614207267761	nan	1.2
40.83902597427368	nan	1.2
40.85175681114197	nan	1.2
40.86694836616516	nan	1.2
40.881264209747314	nan	1.2
40.892897605895996	nan	1.2
40.904603004455566	nan	1.2
40.919286489486694	nan	1.2
40.932544231414795	nan	1.2
40.944546937942505	nan	1.2
40.95829677581787	nan	1.2
40.97219681739807	nan	1.2
40.98307752609253	nan	1.2
40.99550724029541	nan	1.2
41.01041388511658	nan	1.2
41.02239489555359	nan	1.2
41.03385138511658	nan	1.2
41.04796600341797	nan	1.2
41.062071084976196	nan	1.2
41.073400020599365	nan	1.2
41.08634638786316	nan	1.2
41.09903311729431	nan	1.2
41.11214327812195	nan	1.2
41.1239447593689	nan	1.2
41.13852906227112	nan	1.2
41.152559995651245	nan	1.2
41.16551756858826	nan	1.2
41.177603006362915	nan	1.2
41.19008207321167	nan	1.2
41.205647468566895	nan	1.2
41.21805691719055	nan	1.2
41.232109785079956	nan	1.2
41.24778413772583	nan	1.2
41.25914263725281	nan	1.2
41.27064085006714	nan	1.2
41.28647255897522	nan	1.2
41.30115866661072	nan	1.2
41.31356453895569	nan	1.2
41.32889437675476	nan	1.2
41.3418493270874	nan	1.2
41.35342574119568	nan	1.2
41.36581540107727	nan	1.2
41.38134527206421	nan	1.2
41.394240856170654	nan	1.2
41.4088454246521	nan	1.2
41.42102766036987	nan	1.2
41.43480348587036	nan	1.2
41.4469792842865	nan	1.2
41.45989990234375	nan	1.2
41.47435426712036	nan	1.2
41.487836837768555	nan	1.2
41.50045204162598	nan	1.2
41.513041257858276	nan	1.2
41.531195640563965	nan	1.2
41.54539370536804	nan	1.2
41.559900999069214	nan	1.2
41.57583212852478	nan	1.2
41.587119817733765	nan	1.2
41.600735664367676	nan	1.2
41.616217374801636	nan	1.2
41.6287624835968	nan	1.2
41.64085650444031	nan	1.2
41.652870178222656	nan	1.2
41.66531944274902	nan	1.2
41.677741050720215	nan	1.2
41.68935680389404	nan	1.2
41.70338797569275	nan	1.2
41.716604709625244	nan	1.2
41.72841739654541	nan	1.2
41.73937654495239	nan	1.2
41.75169491767883	nan	1.2
41.764665842056274	nan	1.2
41.77874302864075	nan	1.2
41.79000806808472	nan	1.2
41.80259823799133	nan	1.2
41.81413197517395	nan	1.2
41.825958251953125	nan	1.2
41.839624881744385	nan	1.2
41.85605335235596	nan	1.2
41.86698293685913	nan	1.2
41.878124475479126	nan	1.2
41.89248299598694	nan	1.2
41.905980348587036	nan	1.2
41.91732144355774	nan	1.2
41.931273221969604	nan	1.2
41.94474673271179	nan	1.2
41.9556040763855	nan	1.2
41.96752619743347	nan	1.2
41.98285627365112	nan	1.2
41.99498391151428	nan	1.2
42.006253480911255	nan	1.2
42.01928377151489	nan	1.2
42.03222966194153	nan	1.2
42.043654441833496	nan	1.2
42.05514121055603	nan	1.2
42.068705320358276	nan	1.2
42.08187294006348	nan	1.2
42.09357762336731	nan	1.2
42.10855150222778	nan	1.2
42.12620258331299	nan	1.2
42.14202618598938	nan	1.2
42.15790581703186	nan	1.2
42.17887806892395	nan	1.2
42.19153571128845	nan	1.2
42.20327043533325	nan	1.2
42.21928644180298	nan	1.2
42.232802867889404	nan	1.2
42.24455785751343	nan	1.2
42.258158922195435	nan	1.2
42.272133111953735	nan	1.2
42.28653645515442	nan	1.2
42.30004143714905	nan	1.2
42.31684350967407	nan	1.2
42.3303906917572	nan	1.2
42.342710733413696	nan	1.2
42.35476350784302	nan	1.2
42.368860483169556	nan	1.2
42.38150954246521	nan	1.2
42.39573431015015	nan	1.2
42.41174936294556	nan	1.2
42.42593336105347	nan	1.2
42.43715143203735	nan	1.2
42.45160722732544	nan	1.2
42.46668243408203	nan	1.2
42.48021697998047	nan	1.2
42.49777126312256	nan	1.2
42.51140761375427	nan	1.2
42.52291917800903	nan	1.2
42.536314487457275	nan	1.2
42.551111936569214	nan	1.2
42.56492519378662	nan	1.2
42.577895164489746	nan	1.2
42.591747522354126	nan	1.2
42.606972455978394	nan	1.2
42.61932063102722	nan	1.2
42.63138175010681	nan	1.2
42.64291191101074	nan	1.2
42.65719223022461	nan	1.2
42.66837406158447	nan	1.2
42.6806697845459	nan	1.2
42.695656538009644	nan	1.2
42.7078492641449	nan	1.2
42.719149351119995	nan	1.2
42.73159456253052	nan	1.2
42.74718928337097	nan	1.2
42.75875401496887	nan	1.2
42.77143311500549	nan	1.2
42.78635859489441	nan	1.2
42.79746055603027	nan	1.2
42.80919313430786	nan	1.2
42.82410264015198	nan	1.2
42.84061336517334	nan	1.2
42.85411334037781	nan	1.2
42.867454051971436	nan	1.2
42.87942552566528	nan	1.2
42.89152646064758	nan	1.2
42.90290069580078	nan	1.2
42.91623306274414	nan	1.2
42.93120288848877	nan	1.2
42.94370222091675	nan	1.2
42.95465540885925	nan	1.2
42.96684217453003	nan	1.2
42.98042345046997	nan	1.2
42.99311900138855	nan	1.2
43.0061194896698	nan	1.2
43.02201747894287	nan	1.2
43.03449988365173	nan	1.2
43.04532742500305	nan	1.2
43.05859041213989	nan	1.2
43.07364273071289	nan	1.2
43.08566927909851	nan	1.2
43.0993709564209	nan	1.2
43.12083339691162	nan	1.2
43.14141869544983	nan	1.2
43.158016204833984	nan	1.2
43.179490089416504	nan	1.2
43.194122552871704	nan	1.2
43.207951068878174	nan	1.2
43.22368097305298	nan	1.2
43.238322019577026	nan	1.2
43.251113176345825	nan	1.2
43.27112817764282	nan	1.2
43.28647518157959	nan	1.2
43.30029225349426	nan	1.2
43.31668424606323	nan	1.2
43.32962775230408	nan	1.2
43.34357976913452	nan	1.2
43.35893940925598	nan	1.2
43.37394404411316	nan	1.2
43.38677620887756	nan	1.2
43.399606227874756	nan	1.2
43.41209959983826	nan	1.2
43.42667627334595	nan	1.2
43.4423668384552	nan	1.2
43.460240602493286	nan	1.2
43.47482895851135	nan	1.2
43.48697352409363	nan	1.2
43.50207448005676	nan	1.2
43.517730712890625	nan	1.2
43.531670808792114	nan	1.2
43.54767441749573	nan	1.2
43.56306719779968	nan	1.2
43.57525634765625	nan	1.2
43.589606523513794	nan	1.2
43.605260610580444	nan	1.2
43.61977744102478	nan	1.2
43.63278341293335	nan	1.2
43.645121812820435	nan	1.2
43.65840744972229	nan	1.2
43.67086744308472	nan	1.2
43.68394207954407	nan	1.2
43.69719409942627	nan	1.2
43.71414089202881	nan	1.2
43.72602152824402	nan	1.2
43.739031076431274	nan	1.2
43.753538846969604	nan	1.2
43.76514434814453	nan	1.2
43.77689552307129	nan	1.2
43.79238247871399	nan	1.2
43.804755210876465	nan	1.2
43.81715989112854	nan	1.2
43.8311882019043	nan	1.2
43.846035957336426	nan	1.2
43.85781002044678	nan	1.2
43.869386434555054	nan	1.2
43.88442873954773	nan	1.2
43.89859104156494	nan	1.2
43.91219091415405	nan	1.2
43.925050020217896	nan	1.2
43.940322160720825	nan	1.2
43.952980041503906	nan	1.2
43.96466088294983	nan	1.2
43.97794032096863	nan	1.2
43.99045181274414	nan	1.2
44.002840995788574	nan	1.2
44.015098571777344	nan	1.2
44.02866315841675	nan	1.2
44.04051113128662	nan	1.2
44.053040742874146	nan	1.2
44.0681734085083	nan	1.2
44.081862688064575	nan	1.2
44.09371614456177	nan	1.2
44.109583139419556	nan	1.2
44.126928091049194	nan	1.2
44.143155574798584	nan	1.2
44.158998012542725	nan	1.2
44.17296528816223	nan	1.2
44.186946630477905	nan	1.2
44.20303797721863	nan	1.2
44.218480825424194	nan	1.2
44.23335385322571	nan	1.2
44.24907898902893	nan	1.2
44.262213706970215	nan	1.2
44.27597403526306	nan	1.2
44.290990352630615	nan	1.2
44.30661964416504	nan	1.2
44.32058620452881	nan	1.2
44.33271527290344	nan	1.2
44.34768080711365	nan	1.2
44.3603880405426	nan	1.2
44.372807025909424	nan	1.2
44.39828276634216	nan	1.2
44.411383867263794	nan	1.2
44.42244005203247	nan	1.2
44.43693280220032	nan	1.2
44.451640605926514	nan	1.2
44.46517300605774	nan	1.2
44.48087549209595	nan	1.2
44.49343395233154	nan	1.2
44.505969524383545	nan	1.2
44.520408630371094	nan	1.2
44.53710436820984	nan	1.2
44.551491260528564	nan	1.2
44.56868100166321	nan	1.2
44.58472990989685	nan	1.2
44.59868574142456	nan	1.2
44.61214900016785	nan	1.2
44.62902474403381	nan	1.2
44.642218828201294	nan	1.2
44.65331029891968	nan	1.2
44.66530895233154	nan	1.2
44.67950749397278	nan	1.2
44.69167137145996	nan	1.2
44.70490336418152	nan	1.2
44.72041845321655	nan	1.2
44.73174571990967	nan	1.2
44.74450969696045	nan	1.2
44.761080503463745	nan	1.2
44.7742965221405	nan	1.2
44.78532028198242	nan	1.2
44.797452211380005	nan	1.2
44.81280565261841	nan	1.2
44.82620358467102	nan	1.2
44.83887434005737	nan	1.2
44.854013204574585	nan	1.2
44.866591453552246	nan	1.2
44.8780415058136	nan	1.2
44.89184904098511	nan	1.2
44.90811324119568	nan	1.2
44.923840284347534	nan	1.2
44.94004034996033	nan	1.2
44.955883264541626	nan	1.2
44.97161650657654	nan	1.2
44.988784074783325	nan	1.2
45.0059232711792	nan	1.2
45.02074861526489	nan	1.2
45.03593611717224	nan	1.2
45.051451444625854	nan	1.2
45.06651759147644	nan	1.2
45.081804513931274	nan	1.2
45.09606742858887	nan	1.2
45.1081120967865	nan	1.2
45.13041925430298	nan	1.2
45.14444875717163	nan	1.2
45.15972709655762	nan	1.2
45.174248933792114	nan	1.2
45.18717122077942	nan	1.2
45.20013403892517	nan	1.2
45.214417457580566	nan	1.2
45.22938299179077	nan	1.2
45.24517345428467	nan	1.2
45.26082396507263	nan	1.2
45.27698826789856	nan	1.2
45.292595863342285	nan	1.2
45.309741497039795	nan	1.2
45.32478356361389	nan	1.2
45.34007477760315	nan	1.2
45.35435390472412	nan	1.2
45.370418548583984	nan	1.2
45.384371757507324	nan	1.2
45.401994705200195	nan	1.2
45.4179630279541	nan	1.2
45.435385942459106	nan	1.2
45.45597290992737	nan	1.2
45.47142148017883	nan	1.2
45.485541105270386	nan	1.2
45.50096273422241	nan	1.2
45.517733573913574	nan	1.2
45.532931327819824	nan	1.2
45.54938626289368	nan	1.2
45.564594984054565	nan	1.2
45.579261302948	nan	1.2
45.59495735168457	nan	1.2
45.610960245132446	nan	1.2
45.62313270568848	nan	1.2
45.637595653533936	nan	1.2
45.65109920501709	nan	1.2
45.66426920890808	nan	1.2
45.678524017333984	nan	1.2
45.69265604019165	nan	1.2
45.70746469497681	nan	1.2
45.72481989860535	nan	1.2
45.73982858657837	nan	1.2
45.755478620529175	nan	1.2
45.770220041275024	nan	1.2
45.78710198402405	nan	1.2
45.798977851867676	nan	1.2
45.81396174430847	nan	1.2
45.828954219818115	nan	1.2
45.843188524246216	nan	1.2
45.85770916938782	nan	1.2
45.87153744697571	nan	1.2
45.884318828582764	nan	1.2
45.89760899543762	nan	1.2
45.91179394721985	nan	1.2
45.92635655403137	nan	1.2
45.93889045715332	nan	1.2
45.9520320892334	nan	1.2
45.96782898902893	nan	1.2
45.98250436782837	nan	1.2
45.99495244026184	nan	1.2
46.01005172729492	nan	1.2
46.024773597717285	nan	1.2
46.03982162475586	nan	1.2
46.05563449859619	nan	1.2
46.07240033149719	nan	1.2
46.08708739280701	nan	1.2
46.102561712265015	nan	1.2
46.1178765296936	nan	1.2
46.134074211120605	nan	1.2
46.14999985694885	nan	1.2
46.166895389556885	nan	1.2
46.184223651885986	nan	1.2
46.20038318634033	nan	1.2
46.21725797653198	nan	1.2
46.23357701301575	nan	1.2
46.24859952926636	nan	1.2
46.264495849609375	nan	1.2
46.28118085861206	nan	1.2
46.29682755470276	nan	1.2
46.310810804367065	nan	1.2
46.32494568824768	nan	1.2
46.340911626815796	nan	1.2
46.354504108428955	nan	1.2
46.36838936805725	nan	1.2
46.38421630859375	nan	1.2
46.397801637649536	nan	1.2
46.41259169578552	nan	1.2
46.42682218551636	nan	1.2
46.442352056503296	nan	1.2
46.45762324333191	nan	1.2
46.4719021320343	nan	1.2
46.48711609840393	nan	1.2
46.5023672580719	nan	1.2
46.518311738967896	nan	1.2
46.53288292884827	nan	1.2
46.54847598075867	nan	1.2
46.56366181373596	nan	1.2
46.57958269119263	nan	1.2
46.59394192695618	nan	1.2
46.60896968841553	nan	1.2
46.62372136116028	nan	1.2
46.63559150695801	nan	1.2
46.648372650146484	nan	1.2
46.666208267211914	nan	1.2
46.679198026657104	nan	1.2
46.69400191307068	nan	1.2
46.70894193649292	nan	1.2
46.720930337905884	nan	1.2
46.73212432861328	nan	1.2
46.74612045288086	nan	1.2
46.75937008857727	nan	1.2
46.77246332168579	nan	1.2
46.78804326057434	nan	1.2
46.801186323165894	nan	1.2
46.81299185752869	nan	1.2
46.826732873916626	nan	1.2
46.840490102767944	nan	1.2
46.85306406021118	nan	1.2
46.86630868911743	nan	1.2
46.87946009635925	nan	1.2
46.893643856048584	nan	1.2
46.90692353248596	nan	1.2
46.9196412563324	nan	1.2
46.9336416721344	nan	1.2
46.94752073287964	nan	1.2
46.95854592323303	nan	1.2
46.97283148765564	nan	1.2
46.98728108406067	nan	1.2
46.99844479560852	nan	1.2
47.01228857040405	nan	1.2
47.027063608169556	nan	1.2
47.039018869400024	nan	1.2
47.051010847091675	nan	1.2
47.065640449523926	nan	1.2
47.07895517349243	nan	1.2
47.090309381484985	nan	1.2
47.10352945327759	nan	1.2
47.11767029762268	nan	1.2
47.13233661651611	nan	1.2
47.148690938949585	nan	1.2
47.163878202438354	nan	1.2
47.178762674331665	nan	1.2
47.19337296485901	nan	1.2
47.20856237411499	nan	1.2
47.22392463684082	nan	1.2
47.23845887184143	nan	1.2
47.252140045166016	nan	1.2
47.26876449584961	nan	1.2
47.28305530548096	nan	1.2
47.30440163612366	nan	1.2
47.31794023513794	nan	1.2
47.33030557632446	nan	1.2
47.34524703025818	nan	1.2
47.35973906517029	nan	1.2
47.37538480758667	nan	1.2
47.39029550552368	nan	1.2
47.403948068618774	nan	1.2
47.41595220565796	nan	1.2
47.43169546127319	nan	1.2
47.44656324386597	nan	1.2
47.460777759552	nan	1.2
47.47484278678894	nan	1.2
47.48871469497681	nan	1.2
47.502694845199585	nan	1.2
47.52106428146362	nan	1.2
47.53681182861328	nan	1.2
47.55105018615723	nan	1.2
47.56509590148926	nan	1.2
47.5799663066864	nan	1.2
47.5941104888916	nan	1.2
47.61066269874573	nan	1.2
47.626139402389526	nan	1.2
47.637922525405884	nan	1.2
47.6505343914032	nan	1.2
47.66799712181091	nan	1.2
47.68226718902588	nan	1.2
47.69556403160095	nan	1.2
47.709580183029175	nan	1.2
47.72217416763306	nan	1.2
47.732927322387695	nan	1.2
47.74673366546631	nan	1.2
47.762377977371216	nan	1.2
47.77403974533081	nan	1.2
47.78661060333252	nan	1.2
47.8009672164917	nan	1.2
47.81299090385437	nan	1.2
47.82764029502869	nan	1.2
47.84165954589844	nan	1.2
47.8534197807312	nan	1.2
47.864710092544556	nan	1.2
47.87996792793274	nan	1.2
47.89391899108887	nan	1.2
47.908262968063354	nan	1.2
47.921449422836304	nan	1.2
47.93475794792175	nan	1.2
47.94705033302307	nan	1.2
47.96096348762512	nan	1.2
47.97524642944336	nan	1.2
47.989957094192505	nan	1.2
48.002646684646606	nan	1.2
48.016332387924194	nan	1.2
48.03011178970337	nan	1.2
48.0437536239624	nan	1.2
48.058021783828735	nan	1.2
48.07194542884827	nan	1.2
48.08568072319031	nan	1.2
48.09746837615967	nan	1.2
48.11330771446228	nan	1.2
48.128488540649414	nan	1.2
48.14353156089783	nan	1.2
48.15745568275452	nan	1.2
48.170769453048706	nan	1.2
48.18245506286621	nan	1.2
48.198081970214844	nan	1.2
48.21359920501709	nan	1.2
48.22845792770386	nan	1.2
48.242937326431274	nan	1.2
48.25694823265076	nan	1.2
48.268513441085815	nan	1.2
48.282907247543335	nan	1.2
48.30267786979675	nan	1.2
48.317588090896606	nan	1.2
48.32959771156311	nan	1.2
48.34330749511719	nan	1.2
48.35785913467407	nan	1.2
48.37084770202637	nan	1.2
48.38578748703003	nan	1.2
48.4007830619812	nan	1.2
48.412328004837036	nan	1.2
48.42520332336426	nan	1.2
48.439921379089355	nan	1.2
48.45428538322449	nan	1.2
48.4702889919281	nan	1.2
48.48536396026611	nan	1.2
48.498939514160156	nan	1.2
48.5131139755249	nan	1.2
48.52874207496643	nan	1.2
48.54264044761658	nan	1.2
48.55583190917969	nan	1.2
48.57057428359985	nan	1.2
48.586456298828125	nan	1.2
48.60261869430542	nan	1.2
48.6180522441864	nan	1.2
48.63087248802185	nan	1.2
48.64639735221863	nan	1.2
48.66107535362244	nan	1.2
48.67701768875122	nan	1.2
48.690858364105225	nan	1.2
48.70402455329895	nan	1.2
48.71908402442932	nan	1.2
48.73338961601257	nan	1.2
48.748769998550415	nan	1.2
48.76992583274841	nan	1.2
48.78097057342529	nan	1.2
48.795706033706665	nan	1.2
48.811657428741455	nan	1.2
48.82444095611572	nan	1.2
48.840312242507935	nan	1.2
48.85526704788208	nan	1.2
48.86728501319885	nan	1.2
48.88030123710632	nan	1.2
48.89699959754944	nan	1.2
48.91357421875	nan	1.2
48.94310975074768	nan	1.2
48.95869255065918	nan	1.2
48.97369432449341	nan	1.2
48.986286878585815	nan	1.2
49.001232385635376	nan	1.2
49.01424169540405	nan	1.2
49.025091886520386	nan	1.2
49.03813195228577	nan	1.2
49.05341815948486	nan	1.2
49.06658458709717	nan	1.2
49.08158278465271	nan	1.2
49.095932483673096	nan	1.2
49.109670639038086	nan	1.2
49.124584436416626	nan	1.2
49.13883709907532	nan	1.2
49.15251708030701	nan	1.2
49.166239738464355	nan	1.2
49.18032670021057	nan	1.2
49.19434881210327	nan	1.2
49.20843958854675	nan	1.2
49.223063230514526	nan	1.2
49.2377495765686	nan	1.2
49.25102186203003	nan	1.2
49.26288390159607	nan	1.2
49.279212474823	nan	1.2
49.29472899436951	nan	1.2
49.30683946609497	nan	1.2
49.321250677108765	nan	1.2
49.33608675003052	nan	1.2
49.35005044937134	nan	1.2
